{"Xd_list": [[[-1.0, -2.3974505273399715e-23, 2.2204455697152019e-16, 0.34999999999810283], [-2.397369747983277e-23, 1.0, -2.3978000610782388e-23, -0.18649999999786995], [-2.2204450901904765e-16, -2.397880840423193e-23, -1.0, 0.5215000000009693], [0.0, 0.0, 0.0, 1.0]], [[-1.0, -2.3974505273399715e-23, 2.2204455697152019e-16, 0.3499999996270973], [-2.397369747983277e-23, 1.0, -2.3978000610782388e-23, -0.18649999655599617], [-2.2204450901904765e-16, -2.397880840423193e-23, -1.0, 0.5215000001036174], [0.0, 0.0, 0.0, 1.0]], [[-1.0, -2.3974505273399715e-23, 2.2204455697152019e-16, 0.34999999703005874], [-2.397369747983277e-23, 1.0, -2.3978000610782388e-23, -0.1864999724628797], [-2.2204450901904765e-16, -2.397880840423193e-23, -1.0, 0.5215000008221546], [0.0, 0.0, 0.0, 1.0]], [[-1.0, -2.3974505273399715e-23, 2.2204455697152019e-16, 0.34999998998095405], [-2.397369747983277e-23, 1.0, -2.3978000610782388e-23, -0.18649990706727784], [-2.2204450901904765e-16, -2.397880840423193e-23, -1.0, 0.5215000027724698], [0.0, 0.0, 0.0, 1.0]], [[-0.9999999999987674, 1.516563143258747e-06, -4.063606367329734e-07, 0.3499999762539186], [1.5165625269827632e-06, 0.9999999999977001, 1.5165631432587474e-06, -0.18649977971793485], [4.0636293670625814e-07, 1.5165625269827634e-06, -0.9999999999987674, 0.5215000065706238], [0.0, 0.0, 0.0, 1.0]], [[-0.9999999999952982, 2.962037962785968e-06, -7.936709780673244e-07, 0.3499999536230564], [2.962035611891239e-06, 0.9999999999912264, 2.9620379627859687e-06, -0.1864995697635975], [7.936797517258989e-07, 2.9620356118912395e-06, -0.9999999999952982, 0.5215000128326457], [0.0, 0.0, 0.0, 1.0]], [[-0.9999999999859606, 5.11840307836296e-06, -1.3714579316716835e-06, 0.3499999198628306], [5.118396058617661e-06, 0.999999999973802, 5.118403078362961e-06, -0.18649925655298463], [1.3714841297177997e-06, 5.118396058617662e-06, -0.9999999999859606, 0.5215000221749307], [0.0, 0.0, 0.0, 1.0]], [[-0.9999999999645977, 8.127837794878128e-06, -2.177812170799569e-06, 0.34999987274804906], [8.12782009371456e-06, 0.9999999999339384, 8.12783779487813e-06, -0.18649881943478858], [2.177878232441364e-06, 8.127820093714562e-06, -0.9999999999645977, 0.5215000352142266], [0.0, 0.0, 0.0, 1.0]], [[-0.999999999921117, 1.2132522401104358e-05, -3.2508206963249997e-06, 0.3499998100540575], [1.2132482959613672e-05, 0.9999999998528023, 1.2132522401104361e-05, -0.18649823775766], [3.2509678939721712e-06, 1.2132482959613675e-05, -0.999999999921117, 0.5215000525678294], [0.0, 0.0, 0.0, 1.0]], [[-0.9999999998400816, 1.72746385216289e-05, -4.628565522796643e-06, 0.34999972955693154], [1.7274558562433232e-05, 0.9999999997015883, 1.7274638521628903e-05, -0.18649749087019316], [4.628863934577418e-06, 1.7274558562433235e-05, -0.9999999998400816, 0.5215000748537805], [0.0, 0.0, 0.0, 1.0]], [[-0.9999999996990854, 2.3696369522846192e-05, -6.349122162333797e-06, 0.3499996290336989], [2.3696219065526066e-05, 0.9999999994384856, 2.36963695228462e-05, -0.18649655812090873], [6.349683676696905e-06, 2.3696219065526073e-05, -0.9999999996990854, 0.521500102691093], [0.0, 0.0, 0.0, 1.0]], [[-0.9999999994669113, 3.153990097300908e-05, -8.450557906190717e-06, 0.3499995062625909], [3.153963442867779e-05, 0.9999999990052431, 3.153990097300909e-05, -0.18649541885823448], [8.451552663177606e-06, 3.1539634428677796e-05, -0.9999999994669113, 0.5215001367000089], [0.0, 0.0, 0.0, 1.0]], [[-0.9999999991014737, 4.094742115616313e-05, -1.097092990440178e-05, 0.3499993590233236], [4.0946971893009564e-05, 0.9999999983233271, 4.094742115616314e-05, -0.18649405243048342], [1.0972606577316908e-05, 4.094697189300957e-05, -0.9999999991014737, 0.5215001775022851], [0.0, 0.0, 0.0, 1.0]], [[-0.9999999985475425, 5.2061121640074744e-05, -1.3948283042790475e-05, 0.34999918509740857], [5.206039541132278e-05, 0.9999999972896774, 5.206112164007476e-05, -0.1864924381858301], [1.3950993365390782e-05, 5.206039541132279e-05, -0.9999999985475425, 0.5215002257215113], [0.0, 0.0, 0.0, 1.0]], [[-0.9999999977342524, 6.502319789783102e-05, -1.7420647618174937e-05, 0.34999898226849335], [6.502206502402306e-05, 0.9999999957720573, 6.502319789783103e-05, -0.18649055547228435], [1.7424875560784815e-05, 6.502206502402307e-05, -0.9999999977342524, 0.5215002819834578], [0.0, 0.0, 0.0, 1.0]], [[-0.9999999965723941, 7.99758499832162e-05, -2.1426036810936516e-05, 0.34999874832273153], [7.997413618029778e-05, 0.9999999936040004, 7.997584998321621e-05, -0.1864883836376629], [2.1432432810502228e-05, 7.99741361802978e-05, -0.9999999965723941, 0.5215003469164518], [0.0, 0.0, 0.0, 1.0]], [[-0.9999999949514901, 9.706128325954677e-05, -2.600244395561295e-05, 0.3499984810491821], [9.70587590046023e-05, 0.9999999905793523, 9.70612832595468e-05, -0.18648590202955884], [2.601186460331712e-05, 9.705875900460232e-05, -0.9999999949514901, 0.5215004211517865], [0.0, 0.0, 0.0, 1.0]], [[-0.9999999927366521, 0.00011642170918202898, -3.118783960867158e-05, 0.3499981782402388], [0.00011641807750808797, 0.9999999864464083, 0.00011642170918202901, -0.18648308999530888], [3.120139320033605e-05, 0.000116418077508088, -0.9999999927366521, 0.5215005053241584], [0.0, 0.0, 0.0, 1.0]], [[-0.9999999897652239, 0.00013819934613316066, -3.7020168414540724e-05, 0.3499978376920891], [0.00013819422874509726, 0.9999999809016478, 0.0001381993461331607, -0.18647992688195844], [3.7039266766795464e-05, 0.00013819422874509728, -0.9999999897652239, 0.5215006000721355], [0.0, 0.0, 0.0, 1.0]], [[-0.9999999858432057, 0.0001625364203113219, -4.353734576855946e-05, 0.3499974572052024], [0.00016252934191418055, 0.9999999735830623, 0.00016253642031132192, -0.18647639203622457], [4.3563762706327196e-05, 0.00016252934191418058, -0.9999999858432057, 0.5215007060386563], [0.0, 0.0, 0.0, 1.0]], [[-0.9999999807414631, 0.00018957516667208213, -5.0777254277695706e-05, 0.3499970345848484], [0.0001895655374036511, 0.999999964063081, 0.00018957516667208218, -0.18647246480445687], [5.081319119672023e-05, 0.00018956553740365117, -0.9999999807414631, 0.5215008238715573], [0.0, 0.0, 0.0, 1.0]], [[-0.9999999741917187, 0.00021945782992201254, -5.877774001880346e-05, 0.3499965676416445], [0.00021944492578138036, 0.9999999518410916, 0.0002194578299220126, -0.18646812453259637], [5.882589892727094e-05, 0.0002194449257813804, -0.9999999741917187, 0.5215009542241329], [0.0, 0.0, 0.0, 1.0]], [[-0.9999999658823273, 0.0002523266655648019, -6.757660859402098e-05, 0.34999605419213353], [0.00025230960672846016, 0.9999999363355561, 0.00025232666556480193, -0.1864633505661322], [6.764027303796666e-05, 0.0002523096067284602, -0.9999999658823273, 0.5215010977557235], [0.0, 0.0, 0.0, 1.0]], [[-0.9999999554538344, 0.00028832394099930305, -7.721162098343923e-05, 0.3499954920593905], [0.00028830166791647276, 0.9999999168757232, 0.0002883239409993031, -0.1864581222500565], [7.729474526020322e-05, 0.0002883016679164728, -0.9999999554538344, 0.5215012551323351], [0.0, 0.0, 0.0, 1.0]], [[-0.9999999424943177, 0.0003275919366691579, -8.772048919494658e-05, 0.34999487907365956], [0.00032756318382801803, 0.999999892692936, 0.00032759193666915794, -0.18645241892881734], [8.782779625894255e-05, 0.0003275631838280181, -0.9999999424943177, 0.5215014270272886], [0.0, 0.0, 0.0, 1.0]], [[-0.9999999265345133, 0.00037027294726352917, -9.914087171146784e-05, 0.34999421307302], [0.000370236214520197, 0.9999998629115355, 0.0003702729472635293, -0.18644621994626973], [9.927796017588515e-05, 0.0003702362145201971, -0.9999999265345133, 0.5215016141218988], [0.0, 0.0, 0.0, 1.0]], [[-0.9999999070427231, 0.0004165092829687903, -0.00011151036873446658, 0.3499934919040825], [0.00041646280433035805, 0.9999998265393599, 0.0004165092829687904, -0.18643950464562487], [0.00011168382937456284, 0.00041646280433035816, -0.9999999070427231, 0.5215018171061846], [0.0, 0.0, 0.0, 1.0]], [[-0.9999998834195073, 0.00046644327077036564, -0.00012486651722487264, 0.349992713422715], [0.00046638498052398755, 0.9999997824578389, 0.00046644327077036574, -0.1864322523693977], [0.00012508405938594166, 0.00046638498052398766, -0.9999998834195073, 0.5215020366796086], [0.0, 0.0, 0.0, 1.0]], [[-0.9999998549921592, 0.0005202172558044384, -0.00013924678574049783, 0.34999187549479777], [0.0005201447518840313, 0.9999997294116852, 0.0005202172558044385, -0.1864244424593527], [0.00013951737405520513, 0.0005201447518840314, -0.9999998549921592, 0.521502273551847], [0.0, 0.0, 0.0, 1.0]], [[-0.9999998210089646, 0.0005779736027589098, -0.00015468856907006133, 0.3499909759970088], [0.0005778841072411733, 0.9999996659981808, 0.0005779736027589099, -0.18641605425644808], [0.0001550225708893038, 0.0005778841072411734, -0.9999998210089646, 0.5215025284435894], [0.0, 0.0, 0.0, 1.0]], [[-0.9999997806332426, 0.0006398546973231102, -0.00017122918266334691, 0.3499900128176387], [0.0006397450139444009, 0.9999995906560579, 0.0006398546973231103, -0.1864070671007786], [0.0001716385266054365, 0.000639745013944401, -0.9999997806332426, 0.5215028020873695], [0.0, 0.0, 0.0, 1.0]], [[-0.9999997329371719, 0.0007060029476854601, -0.00018890585685796602, 0.34998898385743515], [0.0007058694162713986, 0.9999995016539783, 0.0007060029476854602, -0.18639746033151683], [0.00018940420287965045, 0.0007058694162713987, -0.9999997329371719, 0.5215030952284255], [0.0, 0.0, 0.0, 1.0]], [[-0.9999996768953987, 0.0007765607860785735, -0.00020775573090190154, 0.34998788703047745], [0.0007763992337779196, 0.9999993970786059, 0.0007765607860785737, -0.18638721328685326], [0.00020835865229602203, 0.0007763992337779199, -0.9999996768953987, 0.5215034086255901], [0.0, 0.0, 0.0, 1.0]], [[-0.9999996113784291, 0.0008516706703709805, -0.00022781584677201384, 0.3499867202650806], [0.00085147635958551, 0.9999992748222761, 0.0008516706703709807, -0.1863763053039349], [0.00022854102449584892, 0.0008514763595855102, -0.9999996113784291, 0.5215037430522113], [0.0, 0.0, 0.0, 1.0]], [[-0.9999995351458042, 0.0009314750857047037, -0.0002491231427882461, 0.3499854815047292], [0.0009312426586067948, 0.9999991325702615, 0.0009314750857047039, -0.18636471571880317], [0.0002499905725266985, 0.0009312426586067951, -0.9999995351458042, 0.5215040992971027], [0.0, 0.0, 0.0, 1.0]], [[-0.999999446839059, 0.0010161165461779495, -0.0002717144470229873, 0.3499841687090414], [0.0010158399657074126, 0.9999989677876315, 0.0010161165461779497, -0.1863524238663304], [0.00027274665939141255, 0.0010158399657074128, -0.999999446839059, 0.5215044781655255], [0.0, 0.0, 0.0, 1.0]], [[-0.9999993449744642, 0.0011057375965718302, -0.0002956264705061054, 0.3499827798547625], [0.001105410083803918, 0.99999877770571, 0.0011057375965718304, -0.18633940908015584], [0.0002968487647960827, 0.0011054100838039183, -0.9999993449744642, 0.5215048804801974], [0.0, 0.0, 0.0, 1.0]], [[-0.9999992279355522, 0.0012004808141204172, -0.00032089580022454464, 0.34998131293678825], [0.0012000947818964893, 0.999998559308127, 0.0012004808141204174, -0.1863256506926206], [0.00032233649209760263, 0.0012000947818964895, -0.9999992279355522, 0.5215053070823352], [0.0, 0.0, 0.0, 1.0]], [[-0.999999093965425, 0.0013004888103230318, -0.0003475588919165396, 0.3499797659692185], [0.001300035793035529, 0.9999983093164664, 0.001300488810323032, -0.18631112803470234], [0.0003492495754502085, 0.0013000357930355291, -0.999999093965425, 0.5215057588327249], [0.0, 0.0, 0.0, 1.0]], [[-0.9999989411588475, 0.0014059042327975691, -0.0003756520626608101, 0.34997813698644015], [0.0014053748122212825, 0.9999980241755108, 0.0014059042327975693, -0.18629582043594914], [0.0003776278871500851, 0.0014053748122212827, -0.9999989411588475, 0.5215062366128224], [0.0, 0.0, 0.0, 1.0]], [[-0.9999987674541221, 0.001516869767174032, -0.0004052114832593131, 0.3499764240442408], [0.0015162534942350667, 0.9999977000380804, 0.0015168697671740325, -0.1862797072244136], [0.00040751144517886415, 0.0015162534942350671, -0.9999987674541221, 0.5215067413258851], [0.0, 0.0, 0.0, 1.0]], [[-0.9999985706247483, 0.0016335281390269327, -0.0004362731704138785, 0.3499746252209515], [0.0016328134514010926, 0.9999973327494688, 0.0016335281390269332, -0.18626276772658615], [0.00043894042094505596, 0.001632813451401093, -0.9999985706247483, 0.5215072738981328], [0.0, 0.0, 0.0, 1.0]], [[-0.9999983482708651, 0.001756022115845214, -0.00046887297869682996, 0.34997273861862044], [0.001755196251277782, 0.9999969178314742, 0.0017560221158452144, -0.18624498126732927], [0.0004719551472226583, 0.0017551962512777825, -0.9999983482708651, 0.5215078352799379], [0.0, 0.0, 0.0, 1.0]], [[-0.9999980978104765, 0.0018844945090386914, -0.0005030465923141137, 0.3499707623642156], [0.0018835434142769583, 0.9999964504660264, 0.0018844945090386919, -0.18622632716981113], [0.0005065961262877156, 0.0018835434142769588, -0.9999980978104765, 0.5215084264470474], [0.0, 0.0, 0.0, 1.0]], [[-0.9999978164704609, 0.0020190881759793717, -0.0005388295166615884, 0.3499686946108584], [0.002017996411209827, 0.9999959254784101, 0.002019088175979372, -0.18620678475544028], [0.0005429040382514458, 0.0020179964112098272, -0.9999978164704609, 0.5215090484018328], [0.0, 0.0, 0.0, 1.0]], [[-0.9999975012773639, 0.0021599460220762807, -0.0005762570696738226, 0.34996653353908697], [0.002158696660758226, 0.999995337320084, 0.002159946022076281, -0.1861863333438006], [0.0005809197495898167, 0.0021586966607582262, -0.9999975012773639, 0.521509702174571], [0.0, 0.0, 0.0, 1.0]], [[-0.9999971490479743, 0.002307211002882393, -0.0006153643729646763, 0.34996427735814967], [0.002305785526869574, 0.9999946800510952, 0.0023072110028823935, -0.18616495225258753], [0.000620684321869491, 0.0023057855268695743, -0.9999971490479743, 0.5215103888247559], [0.0, 0.0, 0.0, 1.0]], [[-0.9999967563796842, 0.002461026126231928, -0.0006561863427597761, 0.34996192430732875], [0.0024594043160740577, 0.9999939473220906, 0.0024610261262319284, -0.1861426207975449], [0.000662239020669181, 0.002459404316074058, -0.9999967563796842, 0.5215111094424373], [0.0, 0.0, 0.0, 1.0]], [[-0.9999963196406315, 0.002621534454406513, -0.0006987576806199112, 0.3499594726572941], [0.0026196942747222854, 0.9999931323559234, 0.0026215344544065133, -0.18611931829240355], [0.000705625324696506, 0.002619694274722286, -0.9999963196406315, 0.5215118651495926], [0.0, 0.0, 0.0, 1.0]], [[-0.9999958349596271, 0.0027888791063283105, -0.0007431128639555257, 0.34995692071148743], [0.002786796586141834, 0.9999922279288562, 0.002788879106328311, -0.1860950240488212], [0.0007508849350992465, 0.0027867965861418345, -0.9999958349596271, 0.5215126571015264], [0.0, 0.0, 0.0, 1.0]], [[-0.9999952982158963, 0.0029632032498333647, -0.000789286133698157, 0.3499542668076881], [0.0029608523577814906, 0.9999912263514192, 0.0029632032498333656, -0.18606971737776803], [0.000798059782278864, 0.0029608523577814914, -0.9999952982158963, 0.5215134864882532], [0.0, 0.0, 0.0, 1.0]], [[-0.9999947051275497, 0.0031446207035913092, -0.00083730370557903, 0.3499515097658585], [0.003141973267366196, 0.999990119633498, 0.00314462070359131, -0.18604338185730382], [0.0008471840720809548, 0.003141973267366197, -0.9999947051275497, 0.5215143543949093], [0.0, 0.0, 0.0, 1.0]], [[-0.9999940515013412, 0.003333151242572315, -0.0008871666850390469, 0.34994864986594676], [0.003330176993242928, 0.9999888999503883, 0.003333151242572316, -0.18601601472299437], [0.0008982667346507013, 0.0033301769932429287, -0.9999940515013412, 0.5215152614869578], [0.0, 0.0, 0.0, 1.0]], [[-0.9999933330380969, 0.0035287959007875838, -0.0009388710499669575, 0.3499456876962422], [0.0035254624198360297, 0.9999875592797227, 0.0035287959007875846, -0.18598761593523727], [0.0009513117702442242, 0.0035254624198360306, -0.9999933330380969, 0.5215162083632994], [0.0, 0.0, 0.0, 1.0]], [[-0.9999925452766516, 0.0037315557484510504, -0.0009924126259605016, 0.34994262386726877], [0.0037278283867768266, 0.9999860892968536, 0.0037315557484510513, -0.1859581854533319], [0.0010063233291068927, 0.0037278283867768275, -0.9999925452766516, 0.5215171956453639], [0.0, 0.0, 0.0, 1.0]], [[-0.9999916835938513, 0.003941431891672626, -0.0010477870862470305, 0.34993945901179296], [0.003937273688598277, 0.9999844813748583, 0.003941431891672627, -0.185927723235523], [0.0010633057113886945, 0.003937273688598278, -0.9999916835938513, 0.5215182239771059], [0.0, 0.0, 0.0, 1.0]], [[-0.9999907432045556, 0.0041584254721405214, -0.001104989951600449, 0.3499361937848307], [0.0041537970744183255, 0.9999827265845431, 0.004158425472140522, -0.18589622923904617], [0.0011222633670573206, 0.004153797074418326, -0.9999907432045556, 0.5215192940250001], [0.0, 0.0, 0.0, 1.0]], [[-0.9999897191616406, 0.004382537666792158, -0.001164016590256258, 0.3499328288636555], [0.0043773972476124304, 0.9999808156944491, 0.0043825376667921585, -0.18586370342017458], [0.0011832008958072035, 0.004377397247612431, -0.9999897191616406, 0.5215204064780365], [0.0, 0.0, 0.0, 1.0]], [[-0.9999886063560016, 0.00461376968747408, -0.0012248622178232388, 0.34992936494780635], [0.0046080728654748744, 0.9999787391708573, 0.0046137696874740805, -0.18583014573426762], [0.0012461230469659529, 0.004608072865474875, -0.9999886063560016, 0.5215215620477157], [0.0, 0.0, 0.0, 1.0]], [[-0.999987399516557, 0.0048521227805905925, -0.0012875218971927526, 0.34992580275909574], [0.004845822538869129, 0.9999764871777955, 0.004852122780590593, -0.1857955561358209], [0.0013110347193972223, 0.0048458225388691295, -0.999987399516557, 0.5215227614680429], [0.0, 0.0, 0.0, 1.0]], [[-0.9999860932102519, 0.005097598226741212, -0.0013519905384453302, 0.34992214304161845], [0.0050906448318671724, 0.9999740495770449, 0.005097598226741213, -0.185759934578518], [0.0013779409614003344, 0.005090644831867173, -0.9999860932102519, 0.5215240054955234], [0.0, 0.0, 0.0, 1.0]], [[-0.9999846818420617, 0.005350197340346948, -0.0014182628987545538, 0.3499183865617601], [0.005342538261377784, 0.9999714159281479, 0.005350197340346949, -0.18572328101528365], [0.0014468469706066592, 0.005342538261377785, -0.9999846818420617, 0.5215252949091564], [0.0, 0.0, 0.0, 1.0]], [[-0.9999831596549968, 0.00560992146926537, -0.0014863335822882808, 0.34991453410820594], [0.005601501296763785, 0.9999685754884156, 0.005609921469265371, -0.18568559539833868], [0.0015177580938726923, 0.0056015012967637855, -0.9999831596549968, 0.5215266305104299], [0.0, 0.0, 0.0, 1.0]], [[-0.9999815207301074, 0.0058767719943945435, -0.0015561970401070534, 0.3499105864919503], [0.005867532359448254, 0.999965517212937, 0.005876771994394545, -0.1856468776792564], [0.0015906798271699996, 0.005867532359448256, -0.9999815207301074, 0.5215280131233139], [0.0, 0.0, 0.0, 1.0]], [[-0.9999797589864885, 0.0061507503292655774, -0.0016278475700604962, 0.3499065445463056], [0.006140629822509851, 0.9999622297545893, 0.006150750329265579, -0.18560712780902064], [0.001665617815471217, 0.006140629822509853, -0.9999797589864885, 0.5215294435942546], [0.0, 0.0, 0.0, 1.0]], [[-0.9999778681812855, 0.006431857919624189, -0.0017012793166803083, 0.3499024091269122], [0.006420792010266944, 0.9999587014640468, 0.006431857919624191, -0.18556634573808548], [0.0017425778526335037, 0.006420792010266946, -0.9999778681812855, 0.5215309227921682], [0.0, 0.0, 0.0, 1.0]], [[-0.9999758419097, 0.006720096243000886, -0.001776486271071351, 0.34989818111174803], [0.006708017197850919, 0.9999549203897934, 0.006720096243000888, -0.18552453141643627], [0.0018215658812779506, 0.006708017197850921, -0.9999758419097, 0.5215324516084341], [0.0, 0.0, 0.0, 1.0]], [[-0.9999736736049969, 0.007015466808269965, -0.0018534622707999206, 0.34989386140113876], [0.0070023036107683964, 0.9999508742781341, 0.007015466808269967, -0.18548168479365268], [0.0019025879926658459, 0.007002303610768398, -0.9999736736049969, 0.521534030956888], [0.0, 0.0, 0.0, 1.0]], [[-0.9999713565385101, 0.00731797115519737, -0.0019322009997793093, 0.3498894509177679], [0.007303649424452444, 0.9999465505732076, 0.007317971155197372, -0.18543780581897293], [0.0019856504265716997, 0.007303649424452446, -0.9999713565385101, 0.521535661773815], [0.0, 0.0, 0.0, 1.0]], [[-0.9999688838196514, 0.0076276108539771945, -0.0020126959881532572, 0.34988495060668734], [0.0076120527638029074, 0.9999419364170008, 0.007627610853977196, -0.18539289444135984], [0.0020707595711524397, 0.007612052763802909, -0.9999688838196514, 0.5215373450179425], [0.0, 0.0, 0.0, 1.0]], [[-0.9999662483959175, 0.007944387504756978, -0.002094940612176794, 0.34988036143532786], [0.00792751170271572, 0.9999370186493636, 0.00794438750475698, -0.1853469506095684], [0.002157921962813248, 0.007927511702715722, -0.9999662483959175, 0.5215390816704321], [0.0, 0.0, 0.0, 1.0]], [[-0.9999634430528986, 0.008268302737151862, -0.0021789280940942707, 0.3498756843935099], [0.008250024263601169, 0.999931783808024, 0.008268302737151864, -0.185299974272215], [0.0022471442860702703, 0.00825002426360117, -0.9999634430528986, 0.5215408727348725], [0.0, 0.0, 0.0, 1.0]], [[-0.999960460414288, 0.008599358209747358, -0.002264651502015545, 0.3498709204934549], [0.008579588416891368, 0.9999262181286064, 0.00859935820974736, -0.18525196537784813], [0.0023384333734092193, 0.00857958841689137, -0.999960460414288, 0.5215427192372716], [0.0, 0.0, 0.0, 1.0]], [[-0.9999572929418914, 0.008937555609590937, -0.002352103749789345, 0.3498660707697962], [0.00891620208053665, 0.9999203075446484, 0.008937555609590938, -0.18520292387502074], [0.0024317962051408457, 0.008916202080536652, -0.9999572929418914, 0.5215446222260478], [0.0, 0.0, 0.0, 1.0]], [[-0.9999539329356375, 0.009282896651672331, -0.0024412775968744166, 0.3498611362795906], [0.009259863119491066, 0.9999140376876218, 0.009282896651672333, -0.18515284971236426], [0.0025272399092526815, 0.009259863119491068, -0.9999539329356375, 0.5215465827720223], [0.0, 0.0, 0.0, 1.0]], [[-0.9999503725335886, 0.00963538307839262, -0.002532165648208229, 0.3498561181023298], [0.009610569345186943, 0.9999073938869509, 0.009635383078392621, -0.18510174283866404], [0.0026247717612572804, 0.009610569345186944, -0.9999503725335886, 0.5215486019684096], [0.0, 0.0, 0.0, 1.0]], [[-0.999946603711953, 0.009995016659022008, -0.0026247603540733495, 0.3498510173399525], [0.009968318514998513, 0.9999003611700366, 0.00999501665902201, -0.18504960320293665], [0.002724399184036833, 0.009968318514998515, -0.999946603711953, 0.5215506809308093], [0.0, 0.0, 0.0, 1.0]], [[-0.9999426182850968, 0.01036179918914629, -0.002719054009961759, 0.34984583511685596], [0.010333108331694678, 0.9998929242622778, 0.010361799189146292, -0.18499643075450842], [0.0028261297476839028, 0.01033310833169468, -0.9999426182850968, 0.5215528207971966], [0.0, 0.0, 0.0, 1.0]], [[-0.9999384079055573, 0.010735732490102113, -0.002815038756436513, 0.34984057257990836], [0.010704936442880767, 0.9998850675870976, 0.010735732490102115, -0.18494222544309583], [0.0029299711693388684, 0.010704936442880768, -0.9999384079055573, 0.5215550227279133], [0.0, 0.0, 0.0, 1.0]], [[-0.9999339640640573, 0.011116818408400885, -0.0029127065789915046, 0.34983523089846097], [0.01108380044042952, 0.9998767752659682, 0.011116818408400887, -0.18488698721888747], [0.0030359313130233208, 0.011083800440429522, -0.9999339640640573, 0.5215572879056575], [0.0, 0.0, 0.0, 1.0]], [[-0.9999292780895191, 0.011505058815141462, -0.0030120493079086276, 0.3498298112643607], [0.011469697859901026, 0.9998680311184385, 0.011505058815141463, -0.18483071603262752], [0.0031440181894701108, 0.011469697859901028, -0.9999292780895191, 0.5215596175354741], [0.0, 0.0, 0.0, 1.0]], [[-0.999924341149081, 0.011900455605411428, -0.003113058618113258, 0.3498243148919627], [0.011862626179951962, 0.9998588186621641, 0.011900455605411432, -0.18477341183570076], [0.0032542399559491422, 0.011862626179951966, -0.999924341149081, 0.5215620128447447], [0.0, 0.0, 0.0, 1.0]], [[-0.9999191442481132, 0.012303010697677197, -0.0032157260290270866, 0.349818743018143], [0.012262582821733821, 0.9998491211129372, 0.0123030106976772, -0.18471507458021943], [0.0033666049160898737, 0.012262582821733824, -0.9999191442481132, 0.5215644750831769], [0.0, 0.0, 0.0, 1.0]], [[-0.9999136782302354, 0.012712726033162683, -0.0033200429044191546, 0.3498130969023116], [0.012669565148280349, 0.9998389213847195, 0.012712726033162687, -0.18465570421911137], [0.0034811215196996707, 0.012669565148280352, -0.9999136782302354, 0.5215670055227937], [0.0, 0.0, 0.0, 1.0]], [[-0.9999079337773348, 0.013129603575216748, -0.0034260004522546203, 0.34980737782642546], [0.013083570463884116, 0.9998282020896762, 0.013129603575216751, -0.18459530070620989], [0.003597798362578484, 0.01308357046388412, -0.9999079337773348, 0.5215696054579221], [0.0, 0.0, 0.0, 1.0]], [[-0.999901901409586, 0.013553645308669256, -0.0035335897245415766, 0.34980158709500175], [0.013504596013462256, 0.999816945538212, 0.01355364530866926, -0.18453386399634536], [0.0037166441863295536, 0.01350459601346226, -0.999901901409586, 0.5215722762051826], [0.0, 0.0, 0.0, 1.0]], [[-0.9998955714854709, 0.013984853239175867, -0.0036428016171757005, 0.3497957260351311], [0.01393263898191136, 0.9998051337390094, 0.01398485323917587, -0.18447139404543814], [0.003837667878166329, 0.013932638981911364, -0.9998955714854709, 0.521575019103477], [0.0, 0.0, 0.0, 1.0]], [[-0.9998889342018004, 0.014423229392551406, -0.0037536268697831135, 0.34978979599649107], [0.014367696493451586, 0.9997927483990678, 0.014423229392551409, -0.1844078908105933], [0.0039608784707152525, 0.01436769649345159, -0.9998889342018004, 0.5215778355139766], [0.0, 0.0, 0.0, 1.0]], [[-0.9998819795937359, 0.014868775814091972, -0.003866056065561082, 0.34978379835136003], [0.014809765610959948, 0.9997797709237464, 0.014868775814091975, -0.18434335425019688], [0.00408628514181476, 0.014809765610959952, -0.9998819795937359, 0.5215807268201099], [0.0, 0.0, 0.0, 1.0]], [[-0.9998746975348143, 0.015321494567885655, -0.003980079631116817, 0.34977773449463057], [0.015258843335292779, 0.9997661824168066, 0.015321494567885658, -0.18427778432401368], [0.004213897214310256, 0.015258843335292782, -0.9998746975348143, 0.5215836944275507], [0.0, 0.0, 0.0, 1.0]], [[-0.999867077736971, 0.015781387736111947, -0.00409568783630439, 0.3497716058438234], [0.015714926604597446, 0.9997519636804594, 0.01578138773611195, -0.18421118099328668], [0.004343724155845039, 0.01571492660459745, -0.999867077736971, 0.5215867397642044], [0.0, 0.0, 0.0, 1.0]], [[-0.9998591097505675, 0.01624845741832966, -0.004212870794060122, 0.3497654138391015], [0.016178012293613375, 0.9997370952154133, 0.016248457418329663, -0.1841435442208381], [0.004475775578646833, 0.01617801229361338, -0.9998591097505675, 0.521589864280196], [0.0, 0.0, 0.0, 1.0]], [[-0.9998507829644169, 0.016722705730753677, -0.004331618460235438, 0.34975915994328394], [0.01664809721296213, 0.9997215572209245, 0.01672270573075368, -0.18407487397117206], [0.004610061239310904, 0.016648097212962135, -0.9998507829644169, 0.5215930694478557], [0.0, 0.0, 0.0, 1.0]], [[-0.9998420866058135, 0.01720413480552016, -0.004451920633428586, 0.34975284564186027], [0.01712517810842692, 0.9997053295948501, 0.017204134805520164, -0.18400517021057866], [0.004746591038578403, 0.017125178108426925, -0.9998420866058135, 0.5215963567617053], [0.0, 0.0, 0.0, 1.0]], [[-0.9998330097405617, 0.01769274678994044, -0.004573766954814352, 0.34974647244300466], [0.01760925166022129, 0.9996883919337035, 0.017692746789940445, -0.18393443290723988], [0.004885375021110788, 0.017609251660221294, -0.9998330097405617, 0.5215997277384449], [0.0, 0.0, 0.0, 1.0]], [[-0.9998235412730071, 0.01818854384574361, -0.004697146907971893, 0.3497400418775903], [0.018100314482247134, 0.9996707235327117, 0.018188543845743612, -0.18386266203133697], [0.005026423375260207, 0.018100314482247137, -0.9998235412730071, 0.5216031839169372], [0.0, 0.0, 0.0, 1.0]], [[-0.9998136699460689, 0.018691528148307504, -0.004822049818711312, 0.3497335554992037], [0.018598363121341974, 0.9996523033858761, 0.018691528148307508, -0.18378985755515936], [0.005169746432835196, 0.018598363121341978, -0.9998136699460689, 0.5216067268581941], [0.0, 0.0, 0.0, 1.0]], [[-0.9998033843412742, 0.019201701885878508, -0.004948464854898317, 0.34972701488415947], [0.01910339405651562, 0.9996331101860358, 0.01920170188587851, -0.18371601945321533], [0.005315354668862425, 0.019103394056515625, -0.9998033843412742, 0.5216103581453606], [0.0, 0.0, 0.0, 1.0]], [[-0.9997926728787923, 0.019719067258779872, -0.005076381026277114, 0.34972042163151484], [0.019615403698176017, 0.9996131223249329, 0.019719067258779876, -0.18364114770234413], [0.005463258701344223, 0.01961540369817602, -0.9997926728787923, 0.5216140793836997], [0.0, 0.0, 0.0, 1.0]], [[-0.999781523817472, 0.020243626478608563, -0.005205787184292271, 0.34971377736308407], [0.020134388387344587, 0.999592317893281, 0.020243626478608567, -0.1835652422818297], [0.005613469291011301, 0.02013438838734459, -0.999781523817472, 0.5216178922005766], [0.0, 0.0, 0.0, 1.0]], [[-0.9997699252548801, 0.02077538176742078, -0.005336672021908532, 0.3497070837234535], [0.020660344394860822, 0.999570674680837, 0.020775381767420782, -0.18348830317351608], [0.0057659973410715245, 0.020660344394860825, -0.9997699252548801, 0.5216217982454426], [0.0, 0.0, 0.0, 1.0]], [[-0.9997578651273406, 0.02131433535690604, -0.005469024073429399, 0.3497003423799962], [0.021193267920576304, 0.9995481701764753, 0.021314335356906043, -0.18341033036192436], [0.0059208538969541, 0.021193267920576308, -0.9997578651273406, 0.5216257991898183], [0.0, 0.0, 0.0, 1.0]], [[-0.9997453312099766, 0.02186048948754979, -0.00560283171431437, 0.3496935550228869], [0.021733155092538082, 0.9995247815682653, 0.021860489487549793, -0.18333132383437123], [0.006078050146049123, 0.021733155092538085, -0.9997453312099766, 0.5216298967272768], [0.0, 0.0, 0.0, 1.0]], [[-0.9997323111167538, 0.022413846407784578, -0.0057380831609946505, 0.3496867233651166], [0.022280001966161467, 0.9995004857435519, 0.02241384640778458, -0.18325128358108894], [0.0062375974174427974, 0.02228000196616147, -0.9997323111167538, 0.5216340925734264], [0.0, 0.0, 0.0, 1.0]], [[-0.9997187923005246, 0.02297440837312989, -0.005874766470687402, 0.3496798491425079], [0.022833804523392214, 0.9994752592890392, 0.022974408373129893, -0.18317020959534724], [0.006399507181648195, 0.022833804523392218, -0.9997187923005246, 0.5216383884658932], [0.0, 0.0, 0.0, 1.0]], [[-0.9997047620530756, 0.023542177645320413, -0.006012869541209036, 0.34967293411372946], [0.023394558671858228, 0.9994490784908779, 0.023542177645320416, -0.18308810187357655], [0.0065637910503310885, 0.023394558671858235, -0.9997047620530756, 0.5216427861643022], [0.0, 0.0, 0.0, 1.0]], [[-0.9996902075051753, 0.024117156491422903, -0.00615238011078693, 0.34966598006031147], [0.023962260244010596, 0.9994219193347554, 0.02411715649142291, -0.18300496041549288], [0.006730460776031442, 0.023962260244010603, -0.9996902075051753, 0.5216472874502596], [0.0, 0.0, 0.0, 1.0]], [[-0.9996751156266251, 0.024699347182941617, -0.0062932857578700515, 0.3496589887866604], [0.024536904996254195, 0.9993937575059899, 0.024699347182941624, -0.18292078522422434], [0.006899528251880131, 0.024536904996254202, -0.9996751156266251, 0.5216518941273338], [0.0, 0.0, 0.0, 1.0]], [[-0.9996594732263109, 0.02528875199491227, -0.006435573900938329, 0.3496519621200739], [0.02511848860806771, 0.9993645683896273, 0.025288751994912276, -0.1828355763064392], [0.007071005511311013, 0.025118488608067716, -0.9996594732263109, 0.5216566080210358], [0.0, 0.0, 0.0, 1.0]], [[-0.9996432669522577, 0.02588537320498444, -0.006579231798311294, 0.349644901910756], [0.0257070066811133, 0.9993343270705435, 0.025885373204984446, -0.1827493336724755], [0.007244904727767852, 0.025707006681113306, -0.9996432669522577, 0.5216614309787994], [0.0, 0.0, 0.0, 1.0]], [[-0.9996264832916857, 0.026489213092492657, -0.006724246547954833, 0.34963781003183203], [0.026302454738335528, 0.9993030083335476, 0.026489213092492664, -0.1826620573364724], [0.00742123821440722, 0.026302454738335534, -0.9996264832916857, 0.5216663648699614], [0.0, 0.0, 0.0, 1.0]], [[-0.9996091085710684, 0.02710027393751591, -0.006870605087287812, 0.3496306883793638], [0.026904828223050136, 0.9992705866634921, 0.027100273937515917, -0.18257374731650292], [0.007600018423795703, 0.026904828223050143, -0.9996091085710684, 0.521671411585741], [0.0, 0.0, 0.0, 1.0]], [[-0.9995911289561932, 0.027718558019925642, -0.0070182941929872, 0.34962353887236425], [0.02751412249802221, 0.9992370362453845, 0.02771855801992565, -0.18248440363470844], [0.007781257947602691, 0.027514122498022216, -0.9995911289561932, 0.5216765730392183], [0.0, 0.0, 0.0, 1.0]], [[-0.999572530452223, 0.028344067618422366, -0.0071673004807922365, 0.3496163634528127], [0.0281303328445339, 0.999202330964504, 0.028344067618422373, -0.18239402631743465], [0.007964969516288278, 0.028130332844533906, -0.999572530452223, 0.5216818511653134], [0.0, 0.0, 0.0, 1.0]], [[-0.9995532989037623, 0.028976805009560704, -0.007317610405307976, 0.3496091640856698], [0.028753454461441858, 0.9991664444065221, 0.02897680500956071, -0.18230261539536918], [0.008151165998785894, 0.028753454461441865, -0.9995532989037623, 0.5216872479207642], [0.0, 0.0, 0.0, 1.0]], [[-0.9995334199949228, 0.029616772466762895, -0.007469210259808049, 0.34960194275889206], [0.029383482464224325, 0.9991293498576281, 0.029616772466762902, -0.18221017090368083], [0.008339860402179903, 0.02938348246422433, -0.9995334199949228, 0.5216927652841037], [0.0, 0.0, 0.0, 1.0]], [[-0.9995128792493932, 0.030263972259320975, -0.007622086176035983, 0.34959470148344735], [0.030020411884017606, 0.9990910203046572, 0.03026397225932098, -0.1821166928821602], [0.008531065871378732, 0.030020411884017613, -0.9995128792493932, 0.5216984052556379], [0.0, 0.0, 0.0, 1.0]], [[-0.9994916620305108, 0.030918406651387214, -0.007776224124006772, 0.349587442293329], [0.03066423766664259, 0.9990514284352249, 0.03091840665138722, -0.1820221813753622], [0.008724795688781945, 0.030664237666642596, -0.9994916620305108, 0.5217041698574219], [0.0, 0.0, 0.0, 1.0]], [[-0.9994697535413348, 0.03158007790095321, -0.00793160991180702, 0.3495801672455712], [0.03131495467162066, 0.9990105466378641, 0.03158007790095322, -0.18192663643274984], [0.008921063273942867, 0.03131495467162067, -0.9994697535413348, 0.5217100611332359], [0.0, 0.0, 0.0, 1.0]], [[-0.999447138824724, 0.032248988258817404, -0.008088229185394674, 0.34957287842026324], [0.03197255767117942, 0.9989683470021689, 0.03224898825881741, -0.1818300581088399], [0.009119882183225791, 0.03197255767117943, -0.999447138824724, 0.5217160811485618], [0.0, 0.0, 0.0, 1.0]], [[-0.9994238027634144, 0.03292513996754109, -0.008246067428398425, 0.34956557792056425], [0.03263704134924826, 0.9989248013189408, 0.032925139967541095, -0.18173244646334993], [0.009321266109457682, 0.03263704134924827, -0.9994238027634144, 0.5217222319905575], [0.0, 0.0, 0.0, 1.0]], [[-0.9993997300801012, 0.033608535260392855, -0.008405109961916101, 0.3495582678727178], [0.03330840030044343, 0.9988798810803411, 0.03360853526039286, -0.1816338015613469], [0.009525228881575023, 0.033308400300443436, -0.9993997300801012, 0.5217285157680316], [0.0, 0.0, 0.0, 1.0]], [[-0.9993749053375232, 0.03429917636028162, -0.008565341944313009, 0.3495509504260663], [0.033986629029043175, 0.9988335574800481, 0.034299176360281625, -0.1815341234733976], [0.009731784464264938, 0.03398662902904318, -0.9993749053375232, 0.5217349346114185], [0.0, 0.0, 0.0, 1.0]], [[-0.999349312938549, 0.034997065478677945, -0.008726748371019711, 0.34954362775306547], [0.03467172194795248, 0.9987858014134187, 0.03499706547867795, -0.18143341227572032], [0.009940946957601029, 0.03467172194795249, -0.999349312938549, 0.5217414906727512], [0.0, 0.0, 0.0, 1.0]], [[-0.9993229371262674, 0.035702204814524026, -0.008889314074329416, 0.34953630204929825], [0.03536367337765772, 0.9987365834776556, 0.03570220481452403, -0.18133166805033837], [0.010152730596673775, 0.03536367337765773, -0.9993229371262674, 0.5217481861256344], [0.0, 0.0, 0.0, 1.0]], [[-0.9992957619840784, 0.03641459655313195, -0.009053023723195037, 0.34952897553348933], [0.03606247754517116, 0.9986858739719796, 0.03641459655313196, -0.18122889088523508], [0.010367149751215483, 0.03606247754517117, -0.9992957619840784, 0.521755023165218], [0.0, 0.0, 0.0, 1.0]], [[-0.9992677714357896, 0.0371342428650706, -0.009217861823026252, 0.34952165044751893], [0.03676812858296542, 0.9986336428978069, 0.03713424286507061, -0.18112508087451032], [0.010584218925219425, 0.03676812858296543, -0.9992677714357896, 0.5217620040081681], [0.0, 0.0, 0.0, 1.0]], [[-0.9992389492457137, 0.03786114590504079, -0.009383812715486032, 0.34951432905643665], [0.03748062052789763, 0.9985798599589324, 0.0378611459050408, -0.18102023811853868], [0.010803952756553646, 0.037480620527897635, -0.9992389492457137, 0.521769130892639], [0.0, 0.0, 0.0, 1.0]], [[-0.9992092790187691, 0.038595307810739096, -0.009550860578287081, 0.3495070136484755], [0.03819994732012368, 0.9985244945617179, 0.0385953078107391, -0.18091436272412917], [0.011026366016569195, 0.03819994732012369, -0.9992092790187691, 0.5217764060782444], [0.0, 0.0, 0.0, 1.0]], [[-0.9991787442005851, 0.03933673070171002, -0.009718989424988543, 0.3494997065350651], [0.038926102802002524, 0.9984675158152864, 0.039336730701710024, -0.18080745480468655], [0.011251473609702205, 0.03892610280200253, -0.9991787442005851, 0.5217838318460271], [0.0, 0.0, 0.0, 1.0]], [[-0.9991473280776075, 0.040085416678186506, -0.009888183104792416, 0.34949241005084564], [0.039659080716990265, 0.9984088925317219, 0.04008541667818651, -0.18069951448037422], [0.011479290573070528, 0.03965908071699027, -0.9991473280776075, 0.5217914104984295], [0.0, 0.0, 0.0, 1.0]], [[-0.9991150137772103, 0.04084136781991916, -0.010058425302339954, 0.34948512655368047], [0.040398874708524365, 0.9983485932262753, 0.040841367819919164, -0.18059054187827855], [0.011709832076064595, 0.04039887470852437, -0.9991150137772103, 0.5217991443592626], [0.0, 0.0, 0.0, 1.0]], [[-0.9990817842678085, 0.041604586184993575, -0.010229699537508316, 0.34947785842466994], [0.04114547831889782, 0.998286586117576, 0.04160458618499358, -0.180480537132575], [0.011943113419932259, 0.041145478318897824, -0.9990817842678085, 0.5218070357736743], [0.0, 0.0, 0.0, 1.0]], [[-0.9990476223589742, 0.04237507380863651, -0.01040198916520734, 0.34947060806816393], [0.04189888498812361, 0.9982228391278495, 0.04237507380863652, -0.1803695003846957], [0.01217915003735781, 0.041898884988123615, -0.9990476223589742, 0.5218150871081177], [0.0, 0.0, 0.0, 1.0]], [[-0.9990125107015579, 0.04315283270201014, -0.010575277375176648, 0.34946337791177456], [0.042659088052789104, 0.9981573198831418, 0.04315283270201015, -0.18025743178349846], [0.012417957492034865, 0.04265908805278911, -0.9990125107015579, 0.5218233007503191], [0.0, 0.0, 0.0, 1.0]], [[-0.9989764317878111, 0.0439378648509949, -0.010749547191782826, 0.3494561704063891], [0.04342608074490048, 0.9980899957135494, 0.04393786485099491, -0.18014433148543763], [0.012659551478233439, 0.04342608074490049, -0.9989764317878111, 0.5218316791092436], [0.0, 0.0, 0.0, 1.0]], [[-0.9989393679515135, 0.04473017221496084, -0.01092478147381706, 0.3494489880261818], [0.04419985619071758, 0.9980208336534562, 0.044730172214960846, -0.18003019965473632], [0.012903947820360837, 0.04419985619071759, -0.9989393679515135, 0.521840224615062], [0.0, 0.0, 0.0, 1.0]], [[-0.998901301368103, 0.04552975672552735, -0.011100962914293308, 0.3494418332686266], [0.04498040740957885, 0.997949800441777, 0.04552975672552736, -0.17991503646356016], [0.013151162472516327, 0.04498040740957886, -0.998901301368103, 0.5218489397191165], [0.0, 0.0, 0.0, 1.0]], [[-0.9988622140548102, 0.046336620285311284, -0.011278074040246805, 0.34943470865450843], [0.04576772731271644, 0.9978768625222071, 0.04633662028531129, -0.17979884209219288], [0.013401211518039701, 0.045767727312716444, -0.9988622140548102, 0.5218578268938855], [0.0, 0.0, 0