{"Xd_list": [[[-1.0, -2.3974505273399715e-23, 2.2204455697152019e-16, 0.34999999999810283], [-2.397369747983277e-23, 1.0, -2.3978000610782388e-23, -0.18649999999786995], [-2.2204450901904765e-16, -2.397880840423193e-23, -1.0, 0.5215000000009693], [0.0, 0.0, 0.0, 1.0]], [[-1.0, -2.3974505273399715e-23, 2.2204455697152019e-16, 0.34999999974723534], [-2.397369747983277e-23, 1.0, -2.3978000610782388e-23, -0.18649999767053477], [-2.2204450901904765e-16, -2.397880840423193e-23, -1.0, 0.5215000000703782], [0.0, 0.0, 0.0, 1.0]], [[-1.0, -2.3974505273399715e-23, 2.2204455697152019e-16, 0.34999999799430315], [-2.397369747983277e-23, 1.0, -2.3978000610782388e-23, -0.1864999814083197], [-2.2204450901904765e-16, -2.397880840423193e-23, -1.0, 0.5215000005553717], [0.0, 0.0, 0.0, 1.0]], [[-1.0, -2.3974505273399715e-23, 2.2204455697152019e-16, 0.3499999932458679], [-2.397369747983277e-23, 1.0, -2.3978000610782388e-23, -0.18649993735637324], [-2.2204450901904765e-16, -2.397880840423193e-23, -1.0, 0.5215000018691478], [0.0, 0.0, 0.0, 1.0]], [[-0.9999999999994418, 1.0206641425173838e-06, -2.7348557424211117e-07, 0.34999998401796023], [1.020663863383993e-06, 0.9999999999989583, 1.020664142517384e-06, -0.18649985174697606], [2.7348661598210786e-07, 1.0206638633839932e-06, -0.9999999999994418, 0.5215000044223835], [0.0, 0.0, 0.0, 1.0]], [[-0.999999999997877, 1.990359024579534e-06, -5.333129700975277e-07, 0.34999996883596896], [1.9903579630972785e-06, 0.9999999999960385, 1.9903590245795345e-06, -0.18649971089936523], [5.33316931603237e-07, 1.990357963097279e-06, -0.999999999997877, 0.5215000086231472], [0.0, 0.0, 0.0, 1.0]], [[-0.9999999999936807, 3.4339440475082368e-06, -9.201162148916287e-07, 0.34999994623479685], [3.433940887873328e-06, 0.9999999999882081, 3.4339440475082376e-06, -0.1864995012195385], [9.20128006809646e-07, 3.4339408878733287e-06, -0.9999999999936807, 0.5215000148770833], [0.0, 0.0, 0.0, 1.0]], [[-0.9999999999841152, 5.444414357660449e-06, -1.4588105453010208e-06, 0.3499999147588327], [5.444406415224219e-06, 0.9999999999703584, 5.44441435766045e-06, -0.18649920920007218], [1.4588401868765707e-06, 5.44440641522422e-06, -0.9999999999841152, 0.5215000235874094], [0.0, 0.0, 0.0, 1.0]], [[-0.9999999999647167, 8.114170639308597e-06, -2.1741501865068995e-06, 0.34999987296201474], [8.114152997647538e-06, 0.9999999999341604, 8.114170639308599e-06, -0.18649882141993238], [2.174216026082309e-06, 8.11415299764754e-06, -0.9999999999647167, 0.5215000351550064], [0.0, 0.0, 0.0, 1.0]], [[-0.9999999999286954, 1.1535020521126252e-05, -3.090728128465481e-06, 0.3499998194078937], [1.1534984868813915e-05, 0.9999999998669438, 1.1535020521126255e-05, -0.18649832454428605], [3.090861184706548e-06, 1.1534984868813917e-05, -0.9999999999286954, 0.5215000499785082], [0.0, 0.0, 0.0, 1.0]], [[-0.9999999998662498, 1.579818000375311e-05, -4.232975823397379e-06, 0.3499997526697063], [1.5798113128619245e-05, 0.9999999997504186, 1.5798180003753114e-05, -0.18649770532431137], [4.233225404794735e-06, 1.579811312861925e-05, -0.9999999998662498, 0.5215000684544022], [0.0, 0.0, 0.0, 1.0]], [[-0.9999999997637989, 2.0994274908009818e-05, -5.625162806046474e-06, 0.3499996713304605], [2.0994156807504975e-05, 0.9999999995592429, 2.099427490800982e-05, -0.18649695059700708], [5.6256035631309685e-06, 2.099415680750498e-05, -0.9999999997637989, 0.5215000909771428], [0.0, 0.0, 0.0, 1.0]], [[-0.9999999996031348, 2.7213342343200675e-05, -7.291396238740203e-06, 0.349999573983032], [2.7213143910575654e-05, 0.9999999992594394, 2.721334234320068e-05, -0.18649604728500113], [7.292136799378681e-06, 2.721314391057566e-05, -0.9999999996031348, 0.5215001179392736], [0.0, 0.0, 0.0, 1.0]], [[-0.999999999360494, 3.454483219498129e-05, -9.255620383121384e-06, 0.3499994592302708], [3.454451244199607e-05, 0.9999999988066656, 3.4544832194981295e-05, -0.18649498239635834], [9.256813717508131e-06, 3.454451244199608e-05, -0.999999999360494, 0.5215001497315637], [0.0, 0.0, 0.0, 1.0]], [[-0.9999999990055554, 4.307760863236522e-05, -1.1541616000045618e-05, 0.349999325685119], [4.3077111410045944e-05, 0.999999998144341, 4.3077608632365224e-05, -0.18649374302438748], [1.1543471659003825e-05, 4.307711141004595e-05, -0.9999999990055554, 0.5215001867431517], [0.0, 0.0, 0.0, 1.0]], [[-0.9999999985003606, 5.2899951633165955e-05, -1.417299968015517e-05, 0.3499991719707381], [5.289920181347844e-05, 0.9999999972016348, 5.289995163316597e-05, -0.1864923163474473], [1.4175798045325548e-05, 5.2899201813478455e-05, -0.9999999985003606, 0.5215002293617026], [0.0, 0.0, 0.0, 1.0]], [[-0.9999999977981635, 6.409955852762591e-05, -1.7173223105924235e-05, 0.3499989967206471], [6.409845760936464e-05, 0.9999999958913172, 6.409955852762592e-05, -0.1864906896287521], [1.7177331788810332e-05, 6.409845760936465e-05, -0.9999999977981635, 0.5215002779735729], [0.0, 0.0, 0.0, 1.0]], [[-0.9999999968422076, 7.676354555937564e-05, -2.0565572248219995e-05, 0.3499987985788693], [7.676196666320446e-05, 0.9999999941074793, 7.676354555937565e-05, -0.18648885021617637], [2.057146476895073e-05, 7.676196666320447e-05, -0.9999999968422076, 0.521500332963987], [0.0, 0.0, 0.0, 1.0]], [[-0.9999999955644352, 9.097844946366654e-05, -2.4373166497421426e-05, 0.3499985762000894], [9.097623168127572e-05, 0.9999999917231235, 9.097844946366656e-05, -0.18648678554205889], [2.4381443373984204e-05, 9.097623168127573e-05, -0.9999999955644352, 0.5215003947172228], [0.0, 0.0, 0.0, 1.0]], [[-0.9999999938841287, 0.00010683022906182244, -2.861895773283396e-05, 0.34999832824981914], [0.00010682717112617688, 0.9999999885876288, 0.00010683022906182247, -0.18648448312300595], [2.863037010402958e-05, 0.00010682717112617691, -0.9999999938841287, 0.5215004636168055], [0.0, 0.0, 0.0, 1.0]], [[-0.999999991706487, 0.000124404266871929, -3.332572933011779e-05, 0.34999805340457235], [0.0001244001201154393, 0.9999999845240941, 0.00012440426687192904, -0.18648193055969425], [3.3341205236024015e-05, 0.00012440012011543934, -0.999999991706487, 0.521500540045713], [0.0, 0.0, 0.0, 1.0]], [[-0.9999999889211387, 0.00014378537073473868, -3.851609511030396e-05, 0.34999775035204844], [0.00014377983130411031, 0.9999999793265635, 0.0001437853707347387, -0.18647911553667287], [3.8536768546854194e-05, 0.00014377983130411034, -0.9999999889211387, 0.5215006243865874], [0.0, 0.0, 0.0, 1.0]], [[-0.9999999854005928, 0.0001650577754547831, -4.421249823016654e-05, 0.3499974177913243], [0.00016505047575118405, 0.9999999727571353, 0.00016505777545478312, -0.18647602582216483], [4.423974109487847e-05, 0.00016505047575118408, -0.9999999854005928, 0.5215007170219571], [0.0, 0.0, 0.0, 1.0]], [[-0.9999999809986301, 0.00018830514445570333, -5.043721001736138e-05, 0.34999705443305457], [0.0001882956437707293, 0.9999999645429609, 0.0001883051444557034, -0.18647264926786802], [5.047266705639144e-05, 0.00018829564377072935, -0.9999999809986301, 0.5215008183344663], [0.0, 0.0, 0.0, 1.0]], [[-0.9999999755486363, 0.00021361057144960358, -5.721232875073882e-05, 0.3499966589996796], [0.00021359834576774808, 0.9999999543731342, 0.00021361057144960363, -0.1864689738087557], [5.725795561658085e-05, 0.00021359834576774813, -0.9999999755486363, 0.5215009287071127], [0.0, 0.0, 0.0, 1.0]], [[-0.9999999688618791, 0.0002410565821197295, -6.455977838811302e-05, 0.34999623022564147], [0.00024104101305930299, 0.9999999418954755, 0.00024105658211972955, -0.18646498746287643], [6.461788291265101e-05, 0.00024104101305930304, -0.9999999688618791, 0.5215010485234934], [0.0, 0.0, 0.0, 1.0]], [[-0.9999999607257298, 0.0002707251358161348, -7.250130724237381e-05, 0.3499957668576072], [0.00027070549868106307, 0.9999999267132142, 0.00027072513581613485, -0.18646067833115343], [7.257459402817666e-05, 0.0002707054986810631, -0.9999999607257298, 0.5215011781680581], [0.0, 0.0, 0.0, 1.0]], [[-0.9999999509018329, 0.00030269762726347824, -8.105848660875577e-05, 0.3499952676546994], [0.0003026730781799342, 0.9999999083815729, 0.0003026976272634783, -0.18645603459718385], [8.115010503582161e-05, 0.00030267307817993425, -0.9999999509018329, 0.5215013180263692], [0.0, 0.0, 0.0, 1.0]], [[-0.9999999391242236, 0.0003370548882808786, -9.025270934312957e-05, 0.3499947313887338], [0.0003370244503926426, 0.9999998864042546, 0.00033705488828087864, -0.18645104452703723], [9.036630508850164e-05, 0.0003370244503926427, -0.9999999391242236, 0.5215014684853707], [0.0, 0.0, 0.0, 1.0]], [[-0.9999999250973964, 0.00037387718951283874, -0.00010010518839455488, 0.3499941568444638], [0.0003738397382110358, 0.9999998602298389, 0.00037387718951283885, -0.18644569646905385], [0.00010024495855569344, 0.0003738397382110359, -0.9999999250973964, 0.5215016299336619], [0.0, 0.0, 0.0, 1.0]], [[-0.999999908494326, 0.0004132442421710527, -0.00011063695529233146, 0.349993542819831], [0.0004131984893340571, 0.9999998292480877, 0.0004132442421710528, -0.18643997885364266], [0.00011080770720458988, 0.0004131984893340572, -0.999999908494326, 0.5215018027617788], [0.0, 0.0, 0.0, 1.0]], [[-0.9999998889544409, 0.00045523519978638233, -0.00012186885858971268, 0.3499928881262232], [0.0004551796770068588, 0.9999997927861658, 0.00045523519978638244, -0.18643388019307902], [0.0001220760724238723, 0.0004551796770068589, -0.9999998889544409, 0.5215019873624825], [0.0, 0.0, 0.0, 1.0]], [[-0.9999998660815532, 0.0004999286599705869, -0.00013382156226531832, 0.34999219158873734], [0.0004998617007472112, 0.9999997501047764, 0.000499928659970587, -0.1864273890813019], [0.00013407145748899256, 0.0004998617007472113, -0.9999998660815532, 0.5215021841310526], [0.0, 0.0, 0.0, 1.0]], [[-0.9999998394417453, 0.000547402666187038, -0.00014651554408456747, 0.34999145204644905], [0.0005473223870597028, 0.999999700394218, 0.0005474026661870382, -0.18642049419371132], [0.00014681514986657047, 0.0005473223870597029, -0.9999998394417453, 0.5215023934655874], [0.0, 0.0, 0.0, 1.0]], [[-0.9999998085612147, 0.0005977347095302429, -0.00015997109392120064, 0.3499906683526878], [0.0005976389901376141, 0.9999996427703635, 0.000597734709530243, -0.18641318428696507], [0.000160328323557761, 0.0005976389901376142, -0.9999998085612147, 0.5215026157673089], [0.0, 0.0, 0.0, 1.0]], [[-0.9999997729240797, 0.0006510017305132586, -0.0001742083120417446, 0.3499898393753172], [0.0006508881925530965, 0.9999995762705641, 0.0006510017305132587, -0.18640544819877566], [0.00017463204147765768, 0.0006508881925530966, -0.9999997729240797, 0.5215028514408756], [0.0, 0.0, 0.0, 1.0]], [[-0.9999997319701456, 0.0007072801208627585, -0.0001892471073531448, 0.34998896399702134], [0.0007071461059355605, 0.9999994998494828, 0.0007072801208627586, -0.18639727484770716], [0.00018974725787042086, 0.0007071461059355606, -0.9999997319701456, 0.5215031008946973], [0.0, 0.0, 0.0, 1.0]], [[-0.9999996850926355, 0.0007666457253209798, -0.0002051071956158277, 0.34998804111559534], [0.0007664882716387404, 0.999999412374858, 0.00076664572532098, -0.18638865323297155], [0.00020569482075778465, 0.0007664882716387406, -0.9999996850926355, 0.5215033645412578], [0.0, 0.0, 0.0, 1.0]], [[-0.9999996316358848, 0.0008291738434541262, -0.0002218080976230559, 0.34998706964424114], [0.0008289896613964937, 0.9999993126232031, 0.0008291738434541264, -0.18637957243422565], [0.00022249547441998378, 0.0008289896613964939, -0.9999996316358848, 0.5215036427974412], [0.0, 0.0, 0.0, 1.0]], [[-0.999999570893002, 0.0008949392314666298, -0.00023936913734813787, 0.34998604851186843], [0.0008947246779676033, 0.9999991992754407, 0.00089493923146663, -0.1863700216113676], [0.00024016986190744693, 0.0008947246779676036, -0.999999570893002, 0.521503936084863], [0.0, 0.0, 0.0, 1.0]], [[-0.999999502103498, 0.0009640161040207505, -0.000257809440060676, 0.3499849766633992], [0.0009637671557697212, 0.9999990709124787, 0.0009640161040207507, -0.18635999000433348], [0.00025873852758197415, 0.0009637671557697214, -0.999999502103498, 0.521504244830206], [0.0, 0.0, 0.0, 1.0]], [[-0.9999994244508834, 0.0010364781360609335, -0.00027714793041324595, 0.3499838530600773], [0.0010361903615026466, 0.9999989260107274, 0.0010364781360609338, -0.1863494669328943], [0.00027822191968589964, 0.0010361903615026468, -0.9999994244508834, 0.5215045694655596], [0.0, 0.0, 0.0, 1.0]], [[-0.9999993370602377, 0.001112398464642322, -0.0002974033305000133, 0.3499826766797814], [0.0011120669947611741, 0.9999987629375624, 0.0011123984646423221, -0.1863384417964527], [0.0002986403929376359, 0.0011120669947611744, -0.9999993370602377, 0.5215049104287648], [0.0, 0.0, 0.0, 1.0]], [[-0.999999238995749, 0.0011918496907629954, -0.0003185941578880321, 0.34998144651734286], [0.0011914691886375087, 0.9999985799467352, 0.0011918496907629957, -0.18632690407384023], [0.00032001421115273736, 0.001191469188637509, -0.999999238995749, 0.5215052681637614], [0.0, 0.0, 0.0, 1.0]], [[-0.9999991292582289, 0.0012749038811991711, -0.0003407387236232632, 0.34998016158486617], [0.001274468510313603, 0.9999983751737349, 0.0012749038811991713, -0.18631484332311446], [0.0003423635498883407, 0.0012744685103136032, -0.9999991292582289, 0.5215056431209394], [0.0, 0.0, 0.0, 1.0]], [[-0.9999990067826006, 0.0013616325703430362, -0.0003638551302116804, 0.34997882091205373], [0.0013611359616433226, 0.9999981466311012, 0.0013616325703430365, -0.18630224918135688], [0.00036570849911049384, 0.0013611359616433228, -0.9999990067826006, 0.5215060357574944], [0.0, 0.0, 0.0, 1.0]], [[-0.9999988704353645, 0.0014521067620424715, -0.0003879612695773363, 0.3499774235465336], [0.0014515419797247245, 0.999997892203695, 0.0014521067620424718, -0.18628911136447052], [0.00039006906588238553, 0.0014515419797247247, -0.9999988704353645, 0.5215064465377857], [0.0, 0.0, 0.0, 1.0]], [[-0.9999987190120408, 0.0015463969314421127, -0.0004130748209985577, 0.3499759685541906], [0.0015457564374625626, 0.9999976096439264, 0.0015463969314421131, -0.18627541966697844], [0.00041546517707218163, 0.001545756437462563, -0.9999987190120408, 0.5215068759336968], [0.0, 0.0, 0.0, 1.0]], [[-0.9999985512345912, 0.0016445730268253413, -0.0004392132490228537, 0.34997445501950025], [0.0016438486441209509, 0.9999972965669431, 0.0016445730268253417, -0.18626116396182238], [0.00044191668207976473, 0.0016438486441209513, -0.9999985512345912, 0.5215073244250013], [0.0, 0.0, 0.0, 1.0]], [[-0.9999983657488203, 0.0017467044714563776, -0.00046639380136266655, 0.3499728820458656], [0.0017458873458665385, 0.9999969504457825, 0.001746704471456378, -0.18624633420016182], [0.00046944335558011234, 0.001745887345866539, -0.9999983657488203, 0.5215077924997276], [0.0, 0.0, 0.0, 1.0]], [[-0.99999816112176, 0.0018528601654221012, -0.0004946335067723843, 0.34997124875595653], [0.0018519407263020806, 0.9999965686064897, 0.0018528601654221016, -0.18623092041117387], [0.0004980649002827696, 0.001851940726302081, -0.99999816112176, 0.5215082806545299], [0.0, 0.0, 0.0, 1.0]], [[-0.999997935839035, 0.001963108487473026, -0.0005239491729077811, 0.3499695542920521], [0.0019620764069904874, 0.9999961482232017, 0.0019631084874730262, -0.18621491270185325], [0.0005278009497061151, 0.001962076406990488, -0.999997935839035, 0.5215087893950593], [0.0, 0.0, 0.0, 1.0]], [[-0.9999976883022139, 0.002077517296862642, -0.0005543573841697413, 0.34996779781638426], [0.002076361447969607, 0.9999956863132053, 0.0020775172968626426, -0.1861983012568133], [0.0005586710709644218, 0.0020763614479696072, -0.9999976883022139, 0.5215093192363374], [0.0, 0.0, 0.0, 1.0]], [[-0.9999974168261455, 0.002196153935184823, -0.0005858744995324763, 0.34996597851148453], [0.0021948623482575696, 0.9999951797319651, 0.0021961539351848234, -0.18618107633808748], [0.0005906947675673789, 0.00219486234825757, -0.9999974168261455, 0.5215098707031323], [0.0, 0.0, 0.0, 1.0]], [[-0.9999971196362805, 0.002319085228208575, -0.0006185166503577033, 0.3499640955805321], [0.0023176450463488216, 0.9999946251681272, 0.0023190852282085755, -0.1861632282849315], [0.0006238914822304453, 0.002317645046348822, -0.9999971196362805, 0.5215104443303358], [0.0, 0.0, 0.0, 1.0]], [[-0.9999967948659831, 0.0024463774877094683, -0.0006522997381963333, 0.3499621482477041], [0.0024447749207010313, 0.9999940191385019, 0.0024463774877094687, -0.18614474751362634], [0.0006582805996943569, 0.0024447749207010317, -0.9999967948659831, 0.5215110406633431], [0.0, 0.0, 0.0, 1.0]], [[-0.9999964405538304, 0.0025780965132974182, -0.0006872394325776951, 0.3499601357585273], [0.0025763167902126093, 0.9999933579830241, 0.0025780965132974187, -0.18612562451728207], [0.0006938814495536085, 0.0025763167902126097, -0.9999964405538304, 0.5215116602584328], [0.0, 0.0, 0.0, 1.0]], [[-0.9999960546409024, 0.0027143075942399884, -0.0007233511687883668, 0.34995805738023134], [0.0027123349146911486, 0.9999926378596967, 0.002714307594239989, -0.18610584986564244], [0.0007307133090916892, 0.002712334914691149, -0.9999960546409024, 0.521512303683149], [0.0, 0.0, 0.0, 1.0]], [[-0.9999956349680637, 0.0028550755112807732, -0.0007606501456410206, 0.3499559124021034], [0.002852892995312616, 0.9999918547395185, 0.0028550755112807737, -0.18608541420489053], [0.0007687954061225159, 0.0028528929953126163, -0.9999956349680637, 0.5215129715166841], [0.0, 0.0, 0.0, 1.0]], [[-0.9999951792732383, 0.0030004645384522364, -0.000799151323234599, 0.34995370013584365], [0.0029980541750713983, 0.999991004401398, 0.0030004645384522372, -0.18606430825745532], [0.0008081469218365922, 0.002998054175071399, -0.9999951792732383, 0.5215136643502626], [0.0, 0.0, 0.0, 1.0]], [[-0.9999946851886775, 0.0031505384448824074, -0.0008388694207067595, 0.3499514199159225], [0.0031478810392211757, 0.999990082427056, 0.0031505384448824083, -0.18604252282181913], [0.0008487869936508006, 0.0031478810392211766, -0.9999946851886775, 0.5215143827875255], [0.0, 0.0, 0.0, 1.0]], [[-0.9999941502382232, 0.0033053604965949364, -0.0008798189139793681, 0.3499490710999378], [0.003302435615706558, 0.9999890841959185, 0.0033053604965949373, -0.18602004877232647], [0.0008907347180608858, 0.003302435615706559, -0.9999941502382232, 0.5215151274449158], [0.0, 0.0, 0.0, 1.0]], [[-0.9999935718345673, 0.0034649934583018643, -0.0009220140334981965, 0.34994665306897366], [0.0034617793755855205, 0.9999880048800028, 0.003464993458301865, -0.1859968770589937], [0.0009340091534953241, 0.0034617793755855213, -0.9999935718345673, 0.5215158989520636], [0.0, 0.0, 0.0, 1.0]], [[-0.9999929472765087, 0.003629499595188423, -0.0009654687619682392, 0.34994416522795896], [0.0036259732334427415, 0.9999868394387993, 0.0036294995951884237, -0.18597299870732015], [0.0009786293231689913, 0.0036259732334427424, -0.9999929472765087, 0.5215166979521726], [0.0, 0.0, 0.0, 1.0]], [[-0.9999922737462078, 0.00379894067468958, -0.0010101968320844108, 0.3499416070060271], [0.0037950775477934885, 0.9999855826141477, 0.003798940674689581, -0.18594840481810015], [0.0010246142179367141, 0.0037950775477934894, -0.9999922737462078, 0.5215175251024052], [0.0, 0.0, 0.0, 1.0]], [[-0.9999915483064419, 0.003973377968257421, -0.0010562117242598412, 0.34993897785687567], [0.003969152121478358, 0.9999842289251155, 0.0039733779682574214, -0.1859230865672368], [0.00107198279914431, 0.003969152121478359, -0.9999915483064419, 0.5215183810742691], [0.0, 0.0, 0.0, 1.0]], [[-0.9999907678978593, 0.004152872253118988, -0.0011035266643519624, 0.3499362772591261], [0.004148256202048656, 0.9999827726628752, 0.004152872253118989, -0.18589703520555675], [0.0011207540014767773, 0.004148256202048657, -0.9999907678978593, 0.5215192665540025], [0.0, 0.0, 0.0, 1.0]], [[-0.9999899293362366, 0.004337483814024014, -0.0011521546213872067, 0.349933504716684], [0.004332448482142329, 0.9999812078855845, 0.0043374838140240145, -0.18587024205862643], [0.0011709467358026306, 0.0043324484821423296, -0.9999899293362366, 0.5215201822429597], [0.0, 0.0, 0.0, 1.0]], [[-0.9999890293097377, 0.004527272444981772, -0.0012021083052859464, 0.3499306597590984], [0.004521787099850587, 0.9999795284132733, 0.0045272724449817725, -0.18584269852657], [0.0012225798920125835, 0.004521787099850588, -0.9999890293097377, 0.5215211288579962], [0.0, 0.0, 0.0, 1.0]], [[-0.9999880643761764, 0.004722297450986742, -0.0012534001645875975, 0.34992774194192167], [0.004716329639074928, 0.9999777278227351, 0.004722297450986743, -0.18581439608388858], [0.0012756723418525014, 0.004716329639074929, -0.9999880643761764, 0.5215221071318521], [0.0, 0.0, 0.0, 1.0]], [[-0.9999870309602846, 0.004922617649732332, -0.0013060423841774048, 0.3499247508470688], [0.004916133129874661, 0.9999757994424284, 0.004922617649732333, -0.18578532627928096], [0.0013302429417489244, 0.004916133129874662, -0.9999870309602846, 0.5215231178135363], [0.0, 0.0, 0.0, 1.0]], [[-0.9999859253509853, 0.005128291373312123, -0.0013600468830155688, 0.34992168608317575], [0.005121254048804781, 0.9999737363473893, 0.0051282913733121235, -0.18575548073546644], [0.0013863105356263228, 0.005121254048804782, -0.9999859253509853, 0.5215241616687085], [0.0, 0.0, 0.0, 1.0]], [[-0.9999847436986722, 0.005339376469908103, -0.001415425311869607, 0.3499185472859577], [0.00533174831924421, 0.9999715313541545, 0.005339376469908104, -0.18572485114900872], [0.001443893957715046, 0.005331748319244211, -0.9999847436986722, 0.5215252394800609], [0.0, 0.0, 0.0, 1.0]], [[-0.9999834820124974, 0.005555930305465391, -0.0014721890510502752, 0.3499153341185664], [0.005547671311714114, 0.9999691770157009, 0.005555930305465392, -0.1856934292901421], [0.0015030120353494384, 0.005547671311714115, -0.9999834820124974, 0.5215263520476979], [0.0, 0.0, 0.0, 1.0]], [[-0.9999821361576678, 0.005778009765352645, -0.0015303492081530107, 0.34991204627194633], [0.005769077844186571, 0.999966665616399, 0.005778009765352646, -0.18566120700259908], [0.0015636835917540023, 0.005769077844186572, -0.9999821361576678, 0.5215275001895153], [0.0, 0.0, 0.0, 1.0]], [[-0.9999807018527506, 0.006005671256007858, -0.001589916615804428, 0.3499086834651905], [0.005996022182383128, 0.9999639891669865, 0.00600567125600786, -0.18562817620344008], [0.0016259274488178974, 0.00599602218238313, -0.9999807018527506, 0.5215286847415774], [0.0, 0.0, 0.0, 1.0]], [[-0.9999791746669889, 0.006238970706568926, -0.0016509018294152374, 0.3499052454458944], [0.006228558040063369, 0.999961139399559, 0.006238970706568927, -0.1855943288828849], [0.0016897624298562507, 0.0062285580400633705, -0.9999791746669889, 0.5215299065584926], [0.0, 0.0, 0.0, 1.0]], [[-0.9999775500176302, 0.006477963570488281, -0.0017133151249405542, 0.3499017319905095], [0.006466738579303388, 0.9999581077625834, 0.006477963570488283, -0.18555965710414635], [0.001755207362357098, 0.00646673857930339, -0.9999775500176302, 0.5215311665137878], [0.0, 0.0, 0.0, 1.0]], [[-0.9999758231672656, 0.006722704827131211, -0.0017771664966480178, 0.34989814290469445], [0.0067106164107640235, 0.9999548854159346, 0.006722704827131213, -0.18552415300326566], [0.0018222810807134165, 0.006710616410764025, -0.9999758231672656, 0.5215324655002795], [0.0, 0.0, 0.0, 1.0]], [[-0.999973989221183, 0.0069732489833572355, -0.001842465654894519, 0.3498944780236658], [0.0069602435939487475, 0.9999514632259553, 0.006973248983357237, -0.18548780878895021], [0.0018910024289392193, 0.006960243593948749, -0.999973989221183, 0.5215338044304448], [0.0, 0.0, 0.0, 1.0]], [[-0.9999720431247342, 0.0072296500750840455, -0.0019092220239123252, 0.3498907372125464], [0.0072156716374511334, 0.9999478317605436, 0.007229650075084047, -0.18545061674241328], [0.0019613902633687954, 0.007215671637451135, -0.9999720431247342, 0.5215351842367882], [0.0, 0.0, 0.0, 1.0]], [[-0.9999699796607169, 0.007491961668833377, -0.001977444739605476, 0.34988692036671254], [0.007476951499191813, 0.9999439812842674, 0.0074919616688333785, -0.185412569217216], [0.0020334634553380287, 0.0074769514991918145, -0.9999699796607169, 0.5215366058722083], [0.0, 0.0, 0.0, 1.0]], [[-0.9999677934467727, 0.007760236863258412, -0.00204714264735679, 0.3498830274121391], [0.00774413358664476, 0.9999399017535096, 0.007760236863258414, -0.18537365863911148], [0.0021072408938472838, 0.007744133586644762, -0.9999677934467727, 0.5215380703103598], [0.0, 0.0, 0.0, 1.0]], [[-0.9999654789328016, 0.008034528290652048, -0.0021183242998466306, 0.34987905830574284], [0.008017267757052863, 0.9999355828116421, 0.00803452829065205, -0.18533387750589153], [0.002182741488204544, 0.008017267757052865, -0.9999654789328016, 0.5215395785460151], [0.0, 0.0, 0.0, 1.0]], [[-0.9999630303983941, 0.008314888118435568, -0.0021909979548838253, 0.34987501303572366], [0.008296403317632619, 0.9999310137842355, 0.00831488811843557, -0.18529321838723542], [0.0022599841706482265, 0.00829640331763262, -0.9999630303983941, 0.5215411315954215], [0.0, 0.0, 0.0, 1.0]], [[-0.999960441950281, 0.008601368050627285, -0.002265171573249252, 0.34987089162190377], [0.008581589025767803, 0.9999261836743002, 0.008601368050627287, -0.18525167392456113], [0.0023389878989490136, 0.008581589025767805, -0.999960441950281, 0.521542730496657], [0.0, 0.0, 0.0, 1.0]], [[-0.9999577075198038, 0.008894019329290322, -0.002340852816553708, 0.34986669411606475], [0.00887287308919222, 0.9999210811575648, 0.008894019329290324, -0.18520923683087917], [0.0024197716589888832, 0.008872873089192221, -0.9999577075198038, 0.5215443763099824], [0.0, 0.0, 0.0, 1.0]], [[-0.999954820860403, 0.009192892735959532, -0.002418049045109028, 0.34986242060228195], [0.009170303166161013, 0.9999156945777908, 0.009192892735959534, -0.18516589989064894], [0.002502354467318232, 0.009170303166161015, -0.999954820860403, 0.5215460701181908], [0.0, 0.0, 0.0, 1.0]], [[-0.9999517755451288, 0.009498038593046489, -0.002496767315815035, 0.349858071197257], [0.009473926365610896, 0.9999100119421267, 0.00949803859304649, -0.18512165595963745], [0.0025867553736883273, 0.009473926365610898, -0.9999517755451288, 0.5215478130269535], [0.0, 0.0, 0.0, 1.0]], [[-0.9999485649641726, 0.009809506765222506, -0.002577014380061344, 0.3498536460506471], [0.009783789247308787, 0.9999040209165014, 0.009809506765222508, -0.18507649796478082], [0.00267299346355991, 0.009783789247308789, -0.9999485649641726, 0.5215496061651634], [0.0, 0.0, 0.0, 1.0]], [[-0.9999451823224201, 0.010127346660778871, -0.002658796681645679, 0.3498491453453927], [0.010099937821988961, 0.9998977088210595, 0.010127346660778873, -0.1850304189040486], [0.0027610878605860987, 0.010099937821988963, -0.9999451823224201, 0.5215514506852748], [0.0, 0.0, 0.0, 1.0]], [[-0.9999416206370291, 0.010451607232964056, -0.002742120354708833, 0.3498445692980411], [0.010422417551478583, 0.9998910626256394, 0.010451607232964058, -0.18498341184631037], [0.002851057729069371, 0.010422417551478585, -0.9999416206370291, 0.5215533477636389], [0.0, 0.0, 0.0, 1.0]], [[-0.9999378727350287, 0.010782336981297097, -0.002826991221687185, 0.3498399181590688], [0.010751273348811409, 0.9998840689452958, 0.0107823369812971, -0.18493546993120571], [0.002942922276391427, 0.01075127334881141, -0.9999378727350287, 0.5215552986008374], [0.0, 0.0, 0.0, 1.0]], [[-0.9999339312509449, 0.011119583952857141, -0.0029134147912827928, 0.34983519221319953], [0.01108654957832958, 0.9998767140358669, 0.011119583952857143, -0.1848865863690165], [0.003036700755415922, 0.011086549578329582, -0.9999339312509449, 0.5215573044220112], [0.0, 0.0, 0.0, 1.0]], [[-0.9999297886244507, 0.011463395743548176, -0.0030013962564525453, 0.3498303917797206], [0.01142829005577351, 0.9998689837895903, 0.011463395743548177, -0.18483675444054234], [0.003132412466862257, 0.011428290055773511, -0.9999297886244507, 0.5215593664771855], [0.0, 0.0, 0.0, 1.0]], [[-0.9999254370980415, 0.011813819499338794, -0.003090940492416154, 0.34982551721279476], [0.011776538048359543, 0.9998608637307655, 0.011813819499338797, -0.18478596749697881], [0.0032300767616506125, 0.011776538048359547, -0.9999254370980415, 0.5215614860415917], [0.0, 0.0, 0.0, 1.0]], [[-0.9999208687147381, 0.012170901917476494, -0.0031820520546840653, 0.3498205689017704], [0.012131336274845526, 0.9998523390114671, 0.012170901917476497, -0.18473421895979888], [0.003329713043216965, 0.01213133627484553, -0.9999208687147381, 0.5215636644159845], [0.0, 0.0, 0.0, 1.0]], [[-0.9999160753158157, 0.012534689247675992, -0.003274735177105352, 0.3498155472714873], [0.012492726905583854, 0.9998433944073075, 0.012534689247675996, -0.184681502320637], [0.0034313407697978172, 0.012492726905583857, -0.9999160753158157, 0.5215659029269554], [0.0, 0.0, 0.0, 1.0]], [[-0.9999110485385622, 0.012905227293281148, -0.00336899376993674, 0.3498104527825797], [0.012860751562562247, 0.9998340143132532, 0.012905227293281151, -0.18462781114117663], [0.003534979456683439, 0.01286075156256225, -0.9999110485385622, 0.5215682029272424], [0.0, 0.0, 0.0, 1.0]], [[-0.9999057798140638, 0.013282561412400026, -0.003464831417932977, 0.3498052859317758], [0.013235451319431938, 0.9998241827394938, 0.013282561412400029, -0.18457313905304062], [0.0036406486784391857, 0.013235451319431941, -0.9999057798140638, 0.5215705657960344], [0.0, 0.0, 0.0, 1.0]], [[-0.9999002603650209, 0.013666736519012714, -0.0035622513784590777, 0.34980004725219355], [0.013616866701523171, 0.9998138833073649, 0.013666736519012717, -0.18451747975768493], [0.003748368071094249, 0.013616866701523175, -0.9999002603650209, 0.5215729929392726], [0.0, 0.0, 0.0, 1.0]], [[-0.9998944812035927, 0.014057797084051554, -0.0036612565796247014, 0.3497947373136333], [0.014005037685847915, 0.9998030992453273, 0.014057797084051558, -0.18446082702629535], [0.003858157334297449, 0.014005037685847918, -0.9998944812035927, 0.5215754857899458], [0.0, 0.0, 0.0, 1.0]], [[-0.9998884331292736, 0.014455787136453103, -0.003761849618442144, 0.34978935672286643], [0.014400003701089879, 0.9997918133850037, 0.014455787136453107, -0.18440317469968764], [0.003970036233438447, 0.014400003701089882, -0.9998884331292736, 0.5215780458083833], [0.0, 0.0, 0.0, 1.0]], [[-0.9998821067267996, 0.014860750264181684, -0.0038640327590073738, 0.3497839061239203], [0.014801803627581446, 0.9997800081572726, 0.014860750264181688, -0.18434451668821097], [0.00408402460173477, 0.01480180362758145, -0.9998821067267996, 0.5215806744825409], [0.0, 0.0, 0.0, 1.0]], [[-0.9998754923640869, 0.01527272961522414, -0.003967807930704909, 0.34977838619835944], [0.015210475797267609, 0.9997676655884211, 0.015272729615224143, -0.18428484697165448], [0.004200142342283842, 0.015210475797267612, -0.9998754923640869, 0.5215833733282843], [0.0, 0.0, 0.0, 1.0]], [[-0.9998685801902033, 0.01569176789855515, -0.004073176726437571, 0.349772797665563], [0.015626057993656812, 0.9997547672963589, 0.015691767898555153, -0.18422415959915742], [0.004318409430078687, 0.015626057993656815, -0.9998685801902033, 0.5215861438896658], [0.0, 0.0, 0.0, 1.0]], [[-0.9998613601333712, 0.016117907385072947, -0.004180140400880963, 0.3497671412829981], [0.01604858745175858, 0.9997412944868935, 0.01611790738507295, -0.18416244868912263], [0.0044388459139874815, 0.016048587451758585, -0.9998613601333712, 0.5215889877391979], [0.0, 0.0, 0.0, 1.0]], [[-0.9998538218990055, 0.016551189908505074, -0.004288699868763369, 0.34976141784648873], [0.016478100858007834, 0.9997272279500673, 0.016551189908505078, -0.18409970842913345], [0.00456147191869606, 0.016478100858007837, -0.9998538218990055, 0.5215919064781205], [0.0, 0.0, 0.0, 1.0]], [[-0.9998459549677846, 0.016991656866283584, -0.00439885570317179, 0.34975562819048145], [0.01691463435017588, 0.9997125480565593, 0.016991656866283587, -0.18403593307587413], [0.004686307646612551, 0.016914634350175883, -0.9998459549677846, 0.5215949017366636], [0.0, 0.0, 0.0, 1.0]], [[-0.9998377485937565, 0.017439349220389696, -0.004510608133884055, 0.34974977318830625], [0.017358223517267964, 0.99969723475415, 0.0174393492203897, -0.18397111695505375], [0.0048133733797341245, 0.017358223517267967, -0.9998377485937565, 0.5215979751743053], [0.0, 0.0, 0.0, 1.0]], [[-0.99982919180248, 0.01789430749816726, -0.004623957045727861, 0.3497438537524331], [0.01780890339940725, 0.999681267564253, 0.017894307498167263, -0.18390525446133363], [0.004942689481474849, 0.017808903399407255, -0.99982919180248, 0.5216011284800242], [0.0, 0.0, 0.0, 1.0]], [[-0.9998202733892013, 0.01835657179310476, -0.004738901976967435, 0.3497378708347247], [0.018266708487705417, 0.9996646255785135, 0.018356571793104765, -0.18383834005825855], [0.0050742763984538706, 0.01826670848770542, -0.9998202733892013, 0.5216043633725458], [0.0, 0.0, 0.0, 1.0]], [[-0.9998109819170675, 0.018826181765585676, -0.004855442117717457, 0.3497318254266841], [0.01873167272411941, 0.9996472874554733, 0.01882618176558568, -0.18377036827819135], [0.0052081546622441965, 0.018731672724119415, -0.9998109819170675, 0.5216076816005855], [0.0, 0.0, 0.0, 1.0]], [[-0.9998013057153758, 0.01930317664360676, -0.00497357630838536, 0.34972571855969886], [0.019203829501294685, 0.9996292314173045, 0.019303176643606763, -0.1837013337222512], [0.00534434489108082, 0.01920382950129469, -0.9998013057153758, 0.5216110849430836], [0.0, 0.0, 0.0, 1.0]], [[-0.9997912328778613, 0.019787595223463947, -0.005093303038142242, 0.3497195513052797], [0.019683211662394628, 0.9996104352466143, 0.01978759522346395, -0.18363123106025575], [0.005482867791527918, 0.01968321166239463, -0.9997912328778613, 0.5216145752094373], [0.0, 0.0, 0.0, 1.0]], [[-0.9997807512610215, 0.020279475870405583, -0.005214620443422933, 0.34971332477529515], [0.020169851500916353, 0.9995908762833184, 0.020279475870405586, -0.18356005503066686], [0.005623744160104446, 0.020169851500916356, -0.9997807512610215, 0.5216181542397249], [0.0, 0.0, 0.0, 1.0]], [[-0.9997698484824796, 0.020778856519252757, -0.0053375263064553025, 0.34970704012220133], [0.020663780760492547, 0.9995705314215874, 0.02077885651925276, -0.18348780044054], [0.005766994884867951, 0.02066378076049255, -0.9997698484824796, 0.5216218239049264], [0.0, 0.0, 0.0, 1.0]], [[-0.9997585119193861, 0.021285774674986484, -0.005462018053819428, 0.3497006985392671], [0.021165030634679578, 0.9995493771068634, 0.021285774674986487, -0.18341446216547752], [0.005912640946955968, 0.02116503063467958, -0.9997585119193861, 0.5216255861071365], [0.0, 0.0, 0.0, 1.0]], [[-0.9997467287068609, 0.021800267413301294, -0.005588092755037254, 0.34969430126079454], [0.021673631766731736, 0.999527389332953, 0.021800267413301298, -0.18334003514958577], [0.006060703422084203, 0.02167363176673174, -0.9997467287068609, 0.5216294427797732], [0.0, 0.0, 0.0, 1.0]], [[-0.9997344857364727, 0.022322371381125205, -0.005715747121192653, 0.3496878495623343], [0.02218961424936159, 0.9995045436391911, 0.02232237138112521, -0.18326451440543587], [0.006211203482001581, 0.022189614249361594, -0.9997344857364727, 0.5216333958877799], [0.0, 0.0, 0.0, 1.0]], [[-0.9997217696547618, 0.022852122797105672, -0.0058449775035829205, 0.3496813447608961], [0.022713007624486588, 0.9994808151076818, 0.022852122797105676, -0.1831878950140284], [0.006364162395901068, 0.02271300762448659, -0.9997217696547618, 0.5216374474278216], [0.0, 0.0, 0.0, 1.0]], [[-0.9997085668618001, 0.023389557452061442, -0.005975779892401098, 0.34967478821515485], [0.0232438408829615, 0.9994561783606144, 0.023389557452061446, -0.1831101721247621], [0.006519601531786719, 0.023243840882961504, -0.9997085668618001, 0.5216415994284753], [0.0, 0.0, 0.0, 1.0]], [[-0.999694863509795, 0.02393471070939982, -0.006108149915451035, 0.349668181325651], [0.023782142464297343, 0.9994306075576559, 0.02393471070939983, -0.18303134095540613], [0.006677542357795137, 0.02378214246429735, -0.999694863509795, 0.5216458539504143], [0.0, 0.0, 0.0, 1.0]], [[-0.9996806455017331, 0.024487617505499583, -0.006242082836893699, 0.34966152553498603], [0.02432794025636613, 0.9994040763934211, 0.02448761750549959, -0.18295139679207648], [0.006838006443472602, 0.024327940256366136, -0.9996806455017331, 0.5216502130865864], [0.0, 0.0, 0.0, 1.0]], [[-0.9996658984900662, 0.02504831235005885, -0.0063775735560267725, 0.3496548223280132], [0.02488126159509196, 0.9993765580950208, 0.025048312350058857, -0.1828703349892163], [0.007001015461005972, 0.024881261595091967, -0.9996658984900662, 0.5216546789623857], [0.0, 0.0, 0.0, 1.0]], [[-0.9996506078754402, 0.025616829326408068, -0.006514616606096992, 0.34964807323202285], [0.02544213326412821, 0.9993480254196894, 0.025616829326408075, -0.1827881509695799], [0.00716659118640767, 0.025442133264128218, -0.9996506078754402, 0.5216592537358183], [0.0, 0.0, 0.0, 1.0]], [[-0.9996347588054662, 0.026193202091787816, -0.006653206153145668, 0.34964127981692217], [0.026010581494520898, 0.9993184506524913, 0.026193202091787823, -0.18270484022422118], [0.00733475550065441, 0.026010581494520905, -0.9996347588054662, 0.5216639395976622], [0.0, 0.0, 0.0, 1.0]], [[-0.9996183361735342, 0.026777463877591307, -0.0067933359948881495, 0.34963444369541014], [0.026586631964358426, 0.9992878056041092, 0.026777463877591313, -0.18262039831248542], [0.0075055303907788735, 0.026586631964358433, -0.9996183361735342, 0.5216687387716199], [0.0, 0.0, 0.0, 1.0]], [[-0.999601324617672, 0.027369647489571367, -0.0069349995596269575, 0.3496275665231472], [0.027170309798407385, 0.9992560616087125, 0.027369647489571373, -0.1825348208620056], [0.007678937950914433, 0.027170309798407392, -0.999601324617672, 0.5216736535144655], [0.0, 0.0, 0.0, 1.0]], [[-0.9995837085194464, 0.02796978530801179, -0.007078189905199837, 0.34962064999891884], [0.027761639567735006, 0.999223189521908, 0.027969785308011797, -0.18244810356870228], [0.007855000383291861, 0.027761639567735013, -0.9995837085194464, 0.5216786861161844], [0.0, 0.0, 0.0, 1.0]], [[-0.9995654720029093, 0.028577909287863065, -0.0072228997179619005, 0.34961369586479474], [0.02836064528931774, 0.9991891597187732, 0.028577909287863072, -0.18236024219678768], [0.00803373999918866, 0.028360645289317747, -0.9995654720029093, 0.5216838389001079], [0.0, 0.0, 0.0, 1.0]], [[-0.9995465989335888, 0.02919405095884211, -0.007369121311803287, 0.34960670590628135], [0.028967350425636473, 0.9991539420919736, 0.029194050958842116, -0.18227123257877384], [0.008215179219829689, 0.02896735042563648, -0.9995465989335888, 0.5216891142230398], [0.0, 0.0, 0.0, 1.0]], [[-0.9995270729175243, 0.029818241425496148, -0.007516846627202007, 0.34959968195246993], [0.029581777884258295, 0.9991175060499626, 0.029818241425496154, -0.18218107061548444], [0.008399340577239352, 0.029581777884258302, -0.9995270729175243, 0.5216945144753767], [0.0, 0.0, 0.0, 1.0]], [[-0.9995068773003488, 0.03045051136723049, -0.007666067230312698, 0.34959262587617834], [0.03020395001740489, 0.9990798205152681, 0.030450511367230496, -0.1820897522760711], [0.00858624671504463, 0.030203950017404897, -0.9995068773003488, 0.521700042081223], [0.0, 0.0, 0.0, 1.0]], [[-0.9994859951664147, 0.03109089103830028, -0.007816774312091075, 0.3495855395940874], [0.030833888621507637, 0.9990408539228618, 0.031090891038300286, -0.18199727359803322], [0.00877592038922923, 0.030833888621507644, -0.9994859951664147, 0.5217056994984968], [0.0, 0.0, 0.0, 1.0]], [[-0.9994644093379674, 0.03173941026776591, -0.007968958687455154, 0.34957842506687165], [0.03147161493674962, 0.9990005742186174, 0.031739410267765916, -0.18190363068724213], [0.008968384468837687, 0.031471614936749624, -0.9994644093379674, 0.5217114892190311], [0.0, 0.0, 0.0, 1.0]], [[-0.9994421023743644, 0.03239609845941243, -0.008122610794482815, 0.3495712842993243], [0.03211714964659461, 0.9989589488578529, 0.03239609845941244, -0.18180881971796922], [0.009163661936629989, 0.032117149646594616, -0.9994421023743644, 0.5217174137686678], [0.0, 0.0, 0.0, 1.0]], [[-0.9994190565713412, 0.03306098459163242, -0.008277720693646752, 0.3495641193404763], [0.032770512877303065, 0.9989159448039612, 0.033060984591632425, -0.1817128369329179], [0.009361775889685566, 0.03277051287730307, -0.9994190565713412, 0.5217234757073432], [0.0, 0.0, 0.0, 1.0]], [[-0.999395253960325, 0.03373409721727287, -0.008434278067086083, 0.34955693228370993], [0.033431724197435404, 0.9988715285271286, 0.