{"Xd_list": [[[-1.0, -2.3974505273399715e-23, 2.2204455697152019e-16, 0.34999999999810283], [-2.397369747983277e-23, 1.0, -2.3978000610782388e-23, -0.18649999999786995], [-2.2204450901904765e-16, -2.397880840423193e-23, -1.0, 0.5215000000009693], [0.0, 0.0, 0.0, 1.0]], [[-1.0, -2.3974505273399715e-23, 2.2204455697152019e-16, 0.3500000011301503], [-2.397369747983277e-23, 1.0, -2.3978000610782388e-23, -0.1864999988658225], [-2.2204450901904765e-16, -2.397880840423193e-23, -1.0, 0.5215000011330168], [0.0, 0.0, 0.0, 1.0]], [[-1.0, -2.3974505273399715e-23, 2.2204455697152019e-16, 0.3500000090403128], [-2.397369747983277e-23, 1.0, -2.3978000610782388e-23, -0.18649999095566], [-2.2204450901904765e-16, -2.397880840423193e-23, -1.0, 0.5215000090431792], [0.0, 0.0, 0.0, 1.0]], [[-1.0, -2.3974505273399715e-23, 2.2204455697152019e-16, 0.35000003046777844], [-2.397369747983277e-23, 1.0, -2.3978000610782388e-23, -0.1864999695281944], [-2.2204450901904765e-16, -2.397880840423193e-23, -1.0, 0.521500030470645], [0.0, 0.0, 0.0, 1.0]], [[-0.9999999999994418, 1.0206641425173838e-06, -2.7348557424211117e-07, 0.3500000721093502], [1.020663863383993e-06, 0.9999999999989583, 1.020664142517384e-06, -0.18649992788662262], [2.7348661598210786e-07, 1.0206638633839932e-06, -0.9999999999994418, 0.5215000721122166], [0.0, 0.0, 0.0, 1.0]], [[-0.999999999997877, 1.990359024579534e-06, -5.333129700975277e-07, 0.35000014061953477], [1.9903579630972785e-06, 0.9999999999960385, 1.9903590245795345e-06, -0.186499859376438], [5.33316931603237e-07, 1.990357963097279e-06, -0.999999999997877, 0.5215001406224012], [0.0, 0.0, 0.0, 1.0]], [[-0.9999999999936807, 3.4339440475082368e-06, -9.201162148916287e-07, 0.35000024261063145], [3.433940887873328e-06, 0.9999999999882081, 3.4339440475082376e-06, -0.18649975738534133], [9.20128006809646e-07, 3.4339408878733287e-06, -0.9999999999936807, 0.5215002426134979], [0.0, 0.0, 0.0, 1.0]], [[-0.9999999999841152, 5.444414357660449e-06, -1.4588105453010208e-06, 0.35000038465282063], [5.444406415224219e-06, 0.9999999999703584, 5.44441435766045e-06, -0.18649961534315218], [1.4588401868765707e-06, 5.44440641522422e-06, -0.9999999999841152, 0.521500384655687], [0.0, 0.0, 0.0, 1.0]], [[-0.9999999999647167, 8.114170639308597e-06, -2.1741501865068995e-06, 0.35000057327425266], [8.114152997647538e-06, 0.9999999999341604, 8.114170639308599e-06, -0.18649942672172015], [2.174216026082309e-06, 8.11415299764754e-06, -0.9999999999647167, 0.5215005732771191], [0.0, 0.0, 0.0, 1.0]], [[-0.9999999999286954, 1.1535020521126252e-05, -3.090728128465481e-06, 0.3500008149611367], [1.1534984868813915e-05, 0.9999999998669438, 1.1535020521126255e-05, -0.18649918503483606], [3.090861184706548e-06, 1.1534984868813917e-05, -0.9999999999286954, 0.5215008149640031], [0.0, 0.0, 0.0, 1.0]], [[-0.9999999998662498, 1.579818000375311e-05, -4.232975823397379e-06, 0.3500011161578296], [1.5798113128619245e-05, 0.9999999997504186, 1.5798180003753114e-05, -0.1864988838381432], [4.233225404794735e-06, 1.579811312861925e-05, -0.9999999998662498, 0.5215011161606959], [0.0, 0.0, 0.0, 1.0]], [[-0.9999999997637989, 2.0994274908009818e-05, -5.625162806046474e-06, 0.35000148326692415], [2.0994156807504975e-05, 0.9999999995592429, 2.099427490800982e-05, -0.18649851672904863], [5.6256035631309685e-06, 2.099415680750498e-05, -0.9999999997637989, 0.5215014832697906], [0.0, 0.0, 0.0, 1.0]], [[-0.9999999996031348, 2.7213342343200675e-05, -7.291396238740203e-06, 0.3500019226493385], [2.7213143910575654e-05, 0.9999999992594394, 2.721334234320068e-05, -0.1864980773466343], [7.292136799378681e-06, 2.721314391057566e-05, -0.9999999996031348, 0.5215019226522051], [0.0, 0.0, 0.0, 1.0]], [[-0.999999999360494, 3.454483219498129e-05, -9.255620383121384e-06, 0.3500024406244045], [3.454451244199607e-05, 0.9999999988066656, 3.4544832194981295e-05, -0.18649755937156826], [9.256813717508131e-06, 3.454451244199608e-05, -0.999999999360494, 0.521502440627271], [0.0, 0.0, 0.0, 1.0]], [[-0.9999999990055554, 4.307760863236522e-05, -1.1541616000045618e-05, 0.35000304346995664], [4.3077111410045944e-05, 0.999999998144341, 4.3077608632365224e-05, -0.18649695652601617], [1.1543471659003825e-05, 4.307711141004595e-05, -0.9999999990055554, 0.5215030434728232], [0.0, 0.0, 0.0, 1.0]], [[-0.9999999985003606, 5.2899951633165955e-05, -1.417299968015517e-05, 0.3500037374224206], [5.289920181347844e-05, 0.9999999972016348, 5.289995163316597e-05, -0.18649626257355223], [1.4175798045325548e-05, 5.2899201813478455e-05, -0.9999999985003606, 0.521503737425287], [0.0, 0.0, 0.0, 1.0]], [[-0.9999999977981635, 6.409955852762591e-05, -1.7173223105924235e-05, 0.35000452867690224], [6.409845760936464e-05, 0.9999999958913172, 6.409955852762592e-05, -0.18649547131907052], [1.7177331788810332e-05, 6.409845760936465e-05, -0.9999999977981635, 0.5215045286797687], [0.0, 0.0, 0.0, 1.0]], [[-0.9999999968422076, 7.676354555937564e-05, -2.0565572248219995e-05, 0.35000542338727647], [7.676196666320446e-05, 0.9999999941074793, 7.676354555937565e-05, -0.18649457660869626], [2.057146476895073e-05, 7.676196666320447e-05, -0.9999999968422076, 0.521505423390143], [0.0, 0.0, 0.0, 1.0]], [[-0.9999999955644352, 9.097844946366654e-05, -2.4373166497421426e-05, 0.35000642766627565], [9.097623168127572e-05, 0.9999999917231235, 9.097844946366656e-05, -0.1864935723296971], [2.4381443373984204e-05, 9.097623168127573e-05, -0.9999999955644352, 0.5215064276691421], [0.0, 0.0, 0.0, 1.0]], [[-0.9999999938841287, 0.00010683022906182244, -2.861895773283396e-05, 0.35000754758557856], [0.00010682717112617688, 0.9999999885876288, 0.00010683022906182247, -0.1864924524103942], [2.863037010402958e-05, 0.00010682717112617691, -0.9999999938841287, 0.5215075475884451], [0.0, 0.0, 0.0, 1.0]], [[-0.999999991706487, 0.000124404266871929, -3.332572933011779e-05, 0.3500087891758993], [0.0001244001201154393, 0.9999999845240941, 0.00012440426687192904, -0.1864912108200735], [3.3341205236024015e-05, 0.00012440012011543934, -0.999999991706487, 0.5215087891787658], [0.0, 0.0, 0.0, 1.0]], [[-0.9999999889211387, 0.00014378537073473868, -3.851609511030396e-05, 0.3500101584270756], [0.00014377983130411031, 0.9999999793265635, 0.0001437853707347387, -0.18648984156889717], [3.8536768546854194e-05, 0.00014377983130411034, -0.9999999889211387, 0.5215101584299421], [0.0, 0.0, 0.0, 1.0]], [[-0.9999999854005928, 0.0001650577754547831, -4.421249823016654e-05, 0.3500116612881582], [0.00016505047575118405, 0.9999999727571353, 0.00016505777545478312, -0.1864883387078146], [4.423974109487847e-05, 0.00016505047575118408, -0.9999999854005928, 0.5215116612910248], [0.0, 0.0, 0.0, 1.0]], [[-0.9999999809986301, 0.00018830514445570333, -5.043721001736138e-05, 0.35001330366749916], [0.0001882956437707293, 0.9999999645429609, 0.0001883051444557034, -0.1864866963284736], [5.047266705639144e-05, 0.00018829564377072935, -0.9999999809986301, 0.5215133036703656], [0.0, 0.0, 0.0, 1.0]], [[-0.9999999755486363, 0.00021361057144960358, -5.721232875073882e-05, 0.3500150914328408], [0.00021359834576774808, 0.9999999543731342, 0.00021361057144960363, -0.186484908563132], [5.725795561658085e-05, 0.00021359834576774813, -0.9999999755486363, 0.5215150914357073], [0.0, 0.0, 0.0, 1.0]], [[-0.9999999688618791, 0.0002410565821197295, -6.455977838811302e-05, 0.35001703041140436], [0.00024104101305930299, 0.9999999418954755, 0.00024105658211972955, -0.18648296958456836], [6.461788291265101e-05, 0.00024104101305930304, -0.9999999688618791, 0.5215170304142709], [0.0, 0.0, 0.0, 1.0]], [[-0.9999999607257298, 0.0002707251358161348, -7.250130724237381e-05, 0.350019126389979], [0.00027070549868106307, 0.9999999267132142, 0.00027072513581613485, -0.18648087360599377], [7.257459402817666e-05, 0.0002707054986810631, -0.9999999607257298, 0.5215191263928455], [0.0, 0.0, 0.0, 1.0]], [[-0.9999999509018329, 0.00030269762726347824, -8.105848660875577e-05, 0.35002138511501024], [0.0003026730781799342, 0.9999999083815729, 0.0003026976272634783, -0.1864786148809626], [8.115010503582161e-05, 0.00030267307817993425, -0.9999999509018329, 0.5215213851178767], [0.0, 0.0, 0.0, 1.0]], [[-0.9999999391242236, 0.0003370548882808786, -9.025270934312957e-05, 0.35002381229268886], [0.0003370244503926426, 0.9999998864042546, 0.00033705488828087864, -0.18647618770328392], [9.036630508850164e-05, 0.0003370244503926427, -0.9999999391242236, 0.5215238122955553], [0.0, 0.0, 0.0, 1.0]], [[-0.9999999250973964, 0.00037387718951283874, -0.00010010518839455488, 0.3500264135890399], [0.0003738397382110358, 0.9999998602298389, 0.00037387718951283885, -0.1864735864069329], [0.00010024495855569344, 0.0003738397382110359, -0.9999999250973964, 0.5215264135919063], [0.0, 0.0, 0.0, 1.0]], [[-0.999999908494326, 0.0004132442421710527, -0.00011063695529233146, 0.35002919463001103], [0.0004131984893340571, 0.9999998292480877, 0.0004132442421710528, -0.18647080536596178], [0.00011080770720458988, 0.0004131984893340572, -0.999999908494326, 0.5215291946328775], [0.0, 0.0, 0.0, 1.0]], [[-0.9999998889544409, 0.00045523519978638233, -0.00012186885858971268, 0.35003216100156154], [0.0004551796770068588, 0.9999997927861658, 0.00045523519978638244, -0.18646783899441127], [0.0001220760724238723, 0.0004551796770068589, -0.9999998889544409, 0.521532161004428], [0.0, 0.0, 0.0, 1.0]], [[-0.9999998660815532, 0.0004999286599705869, -0.00013382156226531832, 0.3500353182497511], [0.0004998617007472112, 0.9999997501047764, 0.000499928659970587, -0.1864646817462217], [0.00013407145748899256, 0.0004998617007472113, -0.9999998660815532, 0.5215353182526176], [0.0, 0.0, 0.0, 1.0]], [[-0.9999998394417453, 0.000547402666187038, -0.00014651554408456747, 0.35003867188082843], [0.0005473223870597028, 0.999999700394218, 0.0005474026661870382, -0.18646132811514432], [0.00014681514986657047, 0.0005473223870597029, -0.9999998394417453, 0.521538671883695], [0.0, 0.0, 0.0, 1.0]], [[-0.9999998085612147, 0.0005977347095302429, -0.00015997109392120064, 0.35004222736132024], [0.0005976389901376141, 0.9999996427703635, 0.000597734709530243, -0.18645777263465255], [0.000160328323557761, 0.0005976389901376142, -0.9999998085612147, 0.5215422273641868], [0.0, 0.0, 0.0, 1.0]], [[-0.9999997729240797, 0.0006510017305132586, -0.0001742083120417446, 0.3500459901181197], [0.0006508881925530965, 0.9999995762705641, 0.0006510017305132587, -0.18645400987785304], [0.00017463204147765768, 0.0006508881925530966, -0.9999997729240797, 0.5215459901209862], [0.0, 0.0, 0.0, 1.0]], [[-0.9999997319701456, 0.0007072801208627585, -0.0001892471073531448, 0.3500499655385756], [0.0007071461059355605, 0.9999994998494828, 0.0007072801208627586, -0.18645003445739722], [0.00018974725787042086, 0.0007071461059355606, -0.9999997319701456, 0.5215499655414421], [0.0, 0.0, 0.0, 1.0]], [[-0.9999996850926355, 0.0007666457253209798, -0.0002051071956158277, 0.3500541589705807], [0.0007664882716387404, 0.999999412374858, 0.00076664572532098, -0.18644584102539213], [0.00020569482075778465, 0.0007664882716387406, -0.9999996850926355, 0.5215541589734471], [0.0, 0.0, 0.0, 1.0]], [[-0.9999996316358848, 0.0008291738434541262, -0.0002218080976230559, 0.3500585757226607], [0.0008289896613964937, 0.9999993126232031, 0.0008291738434541264, -0.18644142427331212], [0.00022249547441998378, 0.0008289896613964939, -0.9999996316358848, 0.5215585757255271], [0.0, 0.0, 0.0, 1.0]], [[-0.999999570893002, 0.0008949392314666298, -0.00023936913734813787, 0.3500632210640631], [0.0008947246779676033, 0.9999991992754407, 0.00089493923146663, -0.18643677893190969], [0.00024016986190744693, 0.0008947246779676036, -0.999999570893002, 0.5215632210669296], [0.0, 0.0, 0.0, 1.0]], [[-0.999999502103498, 0.0009640161040207505, -0.000257809440060676, 0.3500681002248459], [0.0009637671557697212, 0.9999990709124787, 0.0009640161040207507, -0.18643189977112687], [0.00025873852758197415, 0.0009637671557697214, -0.999999502103498, 0.5215681002277124], [0.0, 0.0, 0.0, 1.0]], [[-0.9999994244508834, 0.0010364781360609335, -0.00027714793041324595, 0.35007321839596617], [0.0010361903615026466, 0.9999989260107274, 0.0010364781360609338, -0.18642678160000664], [0.00027822191968589964, 0.0010361903615026468, -0.9999994244508834, 0.5215732183988327], [0.0, 0.0, 0.0, 1.0]], [[-0.9999993370602377, 0.001112398464642322, -0.0002974033305000133, 0.35007858072936904], [0.0011120669947611741, 0.9999987629375624, 0.0011123984646423221, -0.18642141926660372], [0.0002986403929376359, 0.0011120669947611744, -0.9999993370602377, 0.5215785807322356], [0.0, 0.0, 0.0, 1.0]], [[-0.999999238995749, 0.0011918496907629954, -0.0003185941578880321, 0.35008419233807647], [0.0011914691886375087, 0.9999985799467352, 0.0011918496907629957, -0.1864158076578963], [0.00032001421115273736, 0.001191469188637509, -0.999999238995749, 0.5215841923409429], [0.0, 0.0, 0.0, 1.0]], [[-0.9999991292582289, 0.0012749038811991711, -0.0003407387236232632, 0.35009005829627576], [0.001274468510313603, 0.9999983751737349, 0.0012749038811991713, -0.18640994169969705], [0.0003423635498883407, 0.0012744685103136032, -0.9999991292582289, 0.5215900582991422], [0.0, 0.0, 0.0, 1.0]], [[-0.9999990067826006, 0.0013616325703430362, -0.0003638551302116804, 0.35009618363940864], [0.0013611359616433226, 0.9999981466311012, 0.0013616325703430365, -0.18640381635656414], [0.00036570849911049384, 0.0013611359616433228, -0.9999990067826006, 0.5215961836422751], [0.0, 0.0, 0.0, 1.0]], [[-0.9999988704353645, 0.0014521067620424715, -0.0003879612695773363, 0.3501025733642599], [0.0014515419797247245, 0.999997892203695, 0.0014521067620424718, -0.18639742663171288], [0.00039006906588238553, 0.0014515419797247247, -0.9999988704353645, 0.5216025733671263], [0.0, 0.0, 0.0, 1.0]], [[-0.9999987190120408, 0.0015463969314421127, -0.0004130748209985577, 0.350109232429046], [0.0015457564374625626, 0.9999976096439264, 0.0015463969314421131, -0.1863907675669268], [0.00041546517707218163, 0.001545756437462563, -0.9999987190120408, 0.5216092324319125], [0.0, 0.0, 0.0, 1.0]], [[-0.9999985512345912, 0.0016445730268253413, -0.0004392132490228537, 0.35011616575350407], [0.0016438486441209509, 0.9999972965669431, 0.0016445730268253417, -0.18638383424246868], [0.00044191668207976473, 0.0016438486441209513, -0.9999985512345912, 0.5216161657563706], [0.0, 0.0, 0.0, 1.0]], [[-0.9999983657488203, 0.0017467044714563776, -0.00046639380136266655, 0.35012337821898065], [0.0017458873458665385, 0.9999969504457825, 0.001746704471456378, -0.18637662177699213], [0.00046944335558011234, 0.001745887345866539, -0.9999983657488203, 0.5216233782218471], [0.0, 0.0, 0.0, 1.0]], [[-0.99999816112176, 0.0018528601654221012, -0.0004946335067723843, 0.3501308746685202], [0.0018519407263020806, 0.9999965686064897, 0.0018528601654221016, -0.18636912532745256], [0.0004980649002827696, 0.001851940726302081, -0.99999816112176, 0.5216308746713867], [0.0, 0.0, 0.0, 1.0]], [[-0.999997935839035, 0.001963108487473026, -0.0005239491729077811, 0.35013865990695425], [0.0019620764069904874, 0.9999961482232017, 0.0019631084874730262, -0.18636134008901853], [0.0005278009497061151, 0.001962076406990488, -0.999997935839035, 0.5216386599098207], [0.0, 0.0, 0.0, 1.0]], [[-0.9999976883022139, 0.002077517296862642, -0.0005543573841697413, 0.35014673870098983], [0.002076361447969607, 0.9999956863132053, 0.0020775172968626426, -0.18635326129498297], [0.0005586710709644218, 0.0020763614479696072, -0.9999976883022139, 0.5216467387038562], [0.0, 0.0, 0.0, 1.0]], [[-0.9999974168261455, 0.002196153935184823, -0.0005858744995324763, 0.35015511577929836], [0.0021948623482575696, 0.9999951797319651, 0.0021961539351848234, -0.18634488421667442], [0.0005906947675673789, 0.00219486234825757, -0.9999974168261455, 0.521655115782165], [0.0, 0.0, 0.0, 1.0]], [[-0.9999971196362805, 0.002319085228208575, -0.0006185166503577033, 0.35016379583260454], [0.0023176450463488216, 0.9999946251681272, 0.0023190852282085755, -0.1863362041633682], [0.0006238914822304453, 0.002317645046348822, -0.9999971196362805, 0.5216637958354711], [0.0, 0.0, 0.0, 1.0]], [[-0.9999967948659831, 0.0024463774877094683, -0.0006522997381963333, 0.3501727835137749], [0.0024447749207010313, 0.9999940191385019, 0.0024463774877094687, -0.18632721648219785], [0.0006582805996943569, 0.0024447749207010317, -0.9999967948659831, 0.5216727835166414], [0.0, 0.0, 0.0, 1.0]], [[-0.9999964405538304, 0.0025780965132974182, -0.0006872394325776951, 0.35018208343790674], [0.0025763167902126093, 0.9999933579830241, 0.0025780965132974187, -0.186317916558066], [0.0006938814495536085, 0.0025763167902126097, -0.9999964405538304, 0.5216820834407733], [0.0, 0.0, 0.0, 1.0]], [[-0.9999960546409024, 0.0027143075942399884, -0.0007233511687883668, 0.35019170018241674], [0.0027123349146911486, 0.9999926378596967, 0.002714307594239989, -0.18630829981355607], [0.0007307133090916892, 0.002712334914691149, -0.9999960546409024, 0.5216917001852832], [0.0, 0.0, 0.0, 1.0]], [[-0.9999956349680637, 0.0028550755112807732, -0.0007606501456410206, 0.35020163828712975], [0.002852892995312616, 0.9999918547395185, 0.0028550755112807737, -0.18629836170884304], [0.0007687954061225159, 0.0028528929953126163, -0.9999956349680637, 0.5217016382899963], [0.0, 0.0, 0.0, 1.0]], [[-0.9999951792732383, 0.0030004645384522364, -0.000799151323234599, 0.35021190225436777], [0.0029980541750713983, 0.999991004401398, 0.0030004645384522372, -0.18628809774160499], [0.0008081469218365922, 0.002998054175071399, -0.9999951792732383, 0.5217119022572343], [0.0, 0.0, 0.0, 1.0]], [[-0.9999946851886775, 0.0031505384448824074, -0.0008388694207067595, 0.35022249654903853], [0.0031478810392211757, 0.999990082427056, 0.0031505384448824083, -0.18627750344693425], [0.0008487869936508006, 0.0031478810392211766, -0.9999946851886775, 0.521722496551905], [0.0, 0.0, 0.0, 1.0]], [[-0.9999941502382232, 0.0033053604965949364, -0.0008798189139793681, 0.35023342559872406], [0.003302435615706558, 0.9999890841959185, 0.0033053604965949373, -0.18626657439724875], [0.0008907347180608858, 0.003302435615706559, -0.9999941502382232, 0.5217334256015905], [0.0, 0.0, 0.0, 1.0]], [[-0.9999935718345673, 0.0034649934583018643, -0.0009220140334981965, 0.3502446937937699], [0.0034617793755855205, 0.9999880048800028, 0.003464993458301865, -0.18625530620220287], [0.0009340091534953241, 0.0034617793755855213, -0.9999935718345673, 0.5217446937966363], [0.0, 0.0, 0.0, 1.0]], [[-0.9999929472765087, 0.003629499595188423, -0.0009654687619682392, 0.3502563054873736], [0.0036259732334427415, 0.9999868394387993, 0.0036294995951884237, -0.18624369450859926], [0.0009786293231689913, 0.0036259732334427424, -0.9999929472765087, 0.52175630549024], [0.0, 0.0, 0.0, 1.0]], [[-0.9999922737462078, 0.00379894067468958, -0.0010101968320844108, 0.3502682649956733], [0.0037950775477934885, 0.9999855826141477, 0.003798940674689581, -0.18623173500029946], [0.0010246142179367141, 0.0037950775477934894, -0.9999922737462078, 0.5217682649985398], [0.0, 0.0, 0.0, 1.0]], [[-0.9999915483064419, 0.003973377968257421, -0.0010562117242598412, 0.3502805765978371], [0.003969152121478358, 0.9999842289251155, 0.0039733779682574214, -0.18621942339813569], [0.00107198279914431, 0.003969152121478359, -0.9999915483064419, 0.5217805766007035], [0.0, 0.0, 0.0, 1.0]], [[-0.9999907678978593, 0.004152872253118988, -0.0011035266643519624, 0.35029324453615107], [0.004148256202048656, 0.9999827726628752, 0.004152872253118989, -0.18620675545982168], [0.0011207540014767773, 0.004148256202048657, -0.9999907678978593, 0.5217932445390175], [0.0, 0.0, 0.0, 1.0]], [[-0.9999899293362366, 0.004337483814024014, -0.0011521546213872067, 0.35030627301610867], [0.004332448482142329, 0.9999812078855845, 0.0043374838140240145, -0.1861937269798641], [0.0011709467358026306, 0.0043324484821423296, -0.9999899293362366, 0.5218062730189751], [0.0, 0.0, 0.0, 1.0]], [[-0.9999890293097377, 0.004527272444981772, -0.0012021083052859464, 0.35031966620649896], [0.004521787099850587, 0.9999795284132733, 0.0045272724449817725, -0.1861803337894738], [0.0012225798920125835, 0.004521787099850588, -0.9999890293097377, 0.5218196662093655], [0.0, 0.0, 0.0, 1.0]], [[-0.9999880643761764, 0.004722297450986742, -0.0012534001645875975, 0.35033342823949587], [0.004716329639074928, 0.9999777278227351, 0.004722297450986743, -0.18616657175647694], [0.0012756723418525014, 0.004716329639074929, -0.9999880643761764, 0.5218334282423623], [0.0, 0.0, 0.0, 1.0]], [[-0.9999870309602846, 0.004922617649732332, -0.0013060423841774048, 0.35034756321074656], [0.004916133129874661, 0.9999757994424284, 0.004922617649732333, -0.18615243678522625], [0.0013302429417489244, 0.004916133129874662, -0.9999870309602846, 0.521847563213613], [0.0, 0.0, 0.0, 1.0]], [[-0.9999859253509853, 0.005128291373312123, -0.0013600468830155688, 0.35036207517946033], [0.005121254048804781, 0.9999737363473893, 0.0051282913733121235, -0.1861379248165124], [0.0013863105356263228, 0.005121254048804782, -0.9999859253509853, 0.5218620751823269], [0.0, 0.0, 0.0, 1.0]], [[-0.9999847436986722, 0.005339376469908103, -0.001415425311869607, 0.3503769681684977], [0.00533174831924421, 0.9999715313541545, 0.005339376469908104, -0.1861230318274751], [0.001443893957715046, 0.005331748319244211, -0.9999847436986722, 0.5218769681713642], [0.0, 0.0, 0.0, 1.0]], [[-0.9999834820124974, 0.005555930305465391, -0.0014721890510502752, 0.35039224616445847], [0.005547671311714114, 0.9999691770157009, 0.005555930305465392, -0.18610775383151432], [0.0015030120353494384, 0.005547671311714115, -0.9999834820124974, 0.5218922461673249], [0.0, 0.0, 0.0, 1.0]], [[-0.9999821361576678, 0.005778009765352645, -0.0015303492081530107, 0.35040791311777114], [0.005769077844186571, 0.999966665616399, 0.005778009765352646, -0.18609208687820164], [0.0015636835917540023, 0.005769077844186572, -0.9999821361576678, 0.5219079131206377], [0.0, 0.0, 0.0, 1.0]], [[-0.9999807018527506, 0.006005671256007858, -0.001589916615804428, 0.35042397294278144], [0.005996022182383128, 0.9999639891669865, 0.00600567125600786, -0.18607602705319135], [0.0016259274488178974, 0.00599602218238313, -0.9999807018527506, 0.521923972945648], [0.0, 0.0, 0.0, 1.0]], [[-0.9999791746669889, 0.006238970706568926, -0.0016509018294152374, 0.35044042951784093], [0.006228558040063369, 0.999961139399559, 0.006238970706568927, -0.18605957047813185], [0.0016897624298562507, 0.0062285580400633705, -0.9999791746669889, 0.5219404295207074], [0.0, 0.0, 0.0, 1.0]], [[-0.9999775500176302, 0.006477963570488281, -0.0017133151249405542, 0.35045728668539605], [0.006466738579303388, 0.9999581077625834, 0.006477963570488283, -0.18604271331057673], [0.001755207362357098, 0.00646673857930339, -0.9999775500176302, 0.5219572866882626], [0.0, 0.0, 0.0, 1.0]], [[-0.9999758231672656, 0.006722704827131211, -0.0017771664966480178, 0.3504745482520767], [0.0067106164107640235, 0.9999548854159346, 0.006722704827131213, -0.18602545174389606], [0.0018222810807134165, 0.006710616410764025, -0.9999758231672656, 0.5219745482549432], [0.0, 0.0, 0.0, 1.0]], [[-0.999973989221183, 0.0069732489833572355, -0.001842465654894519, 0.35049221798878505], [0.0069602435939487475, 0.9999514632259553, 0.006973248983357237, -0.1860077820071877], [0.0018910024289392193, 0.006960243593948749, -0.999973989221183, 0.5219922179916515], [0.0, 0.0, 0.0, 1.0]], [[-0.9999720431247342, 0.0072296500750840455, -0.0019092220239123252, 0.3505102996307844], [0.0072156716374511334, 0.9999478317605436, 0.007229650075084047, -0.18598970036518842], [0.0019613902633687954, 0.007215671637451135, -0.9999720431247342, 0.5220102996336509], [0.0, 0.0, 0.0, 1.0]], [[-0.9999699796607169, 0.007491961668833377, -0.001977444739605476, 0.3505287968777877], [0.007476951499191813, 0.9999439812842674, 0.0074919616688333785, -0.18597120311818513], [0.0020334634553380287, 0.0074769514991918145, -0.9999699796607169, 0.5220287968806541], [0.0, 0.0, 0.0, 1.0]], [[-0.9999677934467727, 0.007760236863258412, -0.00204714264735679, 0.35054771339404656], [0.00774413358664476, 0.9999399017535096, 0.007760236863258414, -0.18595228660192628], [0.0021072408938472838, 0.007744133586644762, -0.9999677934467727, 0.522047713396913], [0.0, 0.0, 0.0, 1.0]], [[-0.9999654789328016, 0.008034528290652048, -0.0021183242998466306, 0.3505670528084399], [0.008017267757052863, 0.9999355828116421, 0.00803452829065205, -0.1859329471875329], [0.002182741488204544, 0.008017267757052865, -0.9999654789328016, 0.5220670528113063], [0.0, 0.0, 0.0, 1.0]], [[-0.9999630303983941, 0.008314888118435568, -0.0021909979548838253, 0.3505868187145628], [0.008296403317632619, 0.9999310137842355, 0.00831488811843557, -0.18591318128141002], [0.0022599841706482265, 0.00829640331763262, -0.9999630303983941, 0.5220868187174292], [0.0, 0.0, 0.0, 1.0]], [[-0.999960441950281, 0.008601368050627285, -0.002265171573249252, 0.3506070146708151], [0.008581589025767803, 0.9999261836743002, 0.008601368050627287, -0.1858929853251577], [0.0023389878989490136, 0.008581589025767805, -0.999960441950281, 0.5221070146736816], [0.0, 0.0, 0.0, 1.0]], [[-0.9999577075198038, 0.008894019329290322, -0.002340852816553708, 0.3506276442004904], [0.00887287308919222, 0.9999210811575648, 0.008894019329290324, -0.1858723557954824], [0.0024197716589888832, 0.008872873089192221, -0.9999577075198038, 0.5221276442033569], [0.0, 0.0, 0.0, 1.0]], [[-0.999954820860403, 0.009192892735959532, -0.002418049045109028, 0.3506487107918646], [0.009170303166161013, 0.9999156945777908, 0.009192892735959534, -0.1858512892041082], [0.002502354467318232, 0.009170303166161015, -0.999954820860403, 0.5221487107947311], [0.0, 0.0, 0.0, 1.0]], [[-0.9999517755451288, 0.009498038593046489, -0.002496767315815035, 0.35067021789828473], [0.009473926365610896, 0.9999100119421267, 0.00949803859304649, -0.18582978209768808], [0.0025867553736883273, 0.009473926365610898, -0.9999517755451288, 0.5221702179011513], [0.0, 0.0, 0.0, 1.0]], [[-0.9999485649641726, 0.009809506765222506, -0.002577014380061344, 0.35069216893825783], [0.009783789247308787, 0.9999040209165014, 0.009809506765222508, -0.18580783105771495], [0.00267299346355991, 0.009783789247308789, -0.9999485649641726, 0.5221921689411244], [0.0, 0.0, 0.0, 1.0]], [[-0.9999451823224201, 0.010127346660778871, -0.002658796681645679, 0.35071456729553957], [0.010099937821988961, 0.9998977088210595, 0.010127346660778873, -0.18578543270043324], [0.0027610878605860987, 0.010099937821988963, -0.9999451823224201, 0.5222145672984061], [0.0, 0.0, 0.0, 1.0]], [[-0.9999416206370291, 0.010451607232964056, -0.002742120354708833, 0.35073741631922306], [0.010422417551478583, 0.9998910626256394, 0.010451607232964058, -0.1857625836767497], [0.002851057729069371, 0.010422417551478585, -0.9999416206370291, 0.5222374163220895], [0.0, 0.0, 0.0, 1.0]], [[-0.9999378727350287, 0.010782336981297097, -0.002826991221687185, 0.35076071932382774], [0.010751273348811409, 0.9998840689452958, 0.0107823369812971, -0.18573928067214507], [0.002942922276391427, 0.01075127334881141, -0.9999378727350287, 0.5222607193266942], [0.0, 0.0, 0.0, 1.0]], [[-0.9999339312509449, 0.011119583952857141, -0.0029134147912827928, 0.35078447958938785], [0.01108654957832958, 0.9998767140358669, 0.011119583952857143, -0.18571552040658496], [0.003036700755415922, 0.011086549578329582, -0.9999339312509449, 0.5222844795922542], [0.0, 0.0, 0.0, 1.0]], [[-0.9999297886244507, 0.011463395743548176, -0.0030013962564525453, 0.35080870036154144], [0.01142829005577351, 0.9998689837895903, 0.011463395743548177, -0.18569129963443134], [0.003132412466862257, 0.011428290055773511, -0.9999297886244507, 0.5223087003644079], [0.0, 0.0, 0.0, 1.0]], [[-0.9999254370980415, 0.011813819499338794, -0.003090940492416154, 0.3508333848516192], [0.011776538048359543, 0.9998608637307655, 0.011813819499338797, -0.1856666151443536], [0.0032300767616506125, 0.011776538048359547, -0.9999254370980415, 0.5223333848544857], [0.0, 0.0, 0.0, 1.0]], [[-0.9999208687147381, 0.012170901917476494, -0.0031820520546840653, 0.3508585362367329], [0.012131336274845526, 0.9998523390114671, 0.012170901917476497, -0.1856414637592399], [0.003329713043216965, 0.01213133627484553, -0.9999208687147381, 0.5223585362395994], [0.0, 0.0, 0.0, 1.0]], [[-0.9999160753158157, 0.012534689247675992, -0.003274735177105352, 0.35088415765986447], [0.012492726905583854, 0.9998433944073075, 0.012534689247675996, -0.1856158423361083], [0.0034313407697978172, 0.012492726905583857, -0.9999160753158157, 0.5223841576627309], [0.0, 0.0, 0.0, 1.0]], [[-0.9999110485385622, 0.012905227293281148, -0.00336899376993674, 0.3509102522299546], [0.012860751562562247, 0.9998340143132532, 0.012905227293281151, -0.18558974776601816], [0.003534979456683439, 0.01286075156256225, -0.9999110485385622, 0.522410252232821], [0.0, 0.0, 0.0, 1.0]], [[-0.9999057798140638, 0.013282561412400026, -0.003464831417932977, 0.35093682302199153], [0.013235451319431938, 0.9998241827394938, 0.013282561412400029, -0.1855631769739812], [0.0036406486784391857, 0.013235451319431941, -0.9999057798140638, 0.5224368230248579], [0.0, 0.0, 0.0, 1.0]], [[-0.9999002603650209, 0.013666736519012714, -0.0035622513784590777, 0.3509638730770999], [0.013616866701523171, 0.9998138833073649, 0.013666736519012717, -0.1855361269188728], [0.003748368071094249, 0.013616866701523175, -0.9999002603650209, 0.5224638730799664], [0.0, 0.0, 0.0, 1.0]], [[-0.9998944812035927, 0.014057797084051554, -0.0036612565796247014, 0.3509914054026295], [0.014005037685847915, 0.9998030992453273, 0.014057797084051558, -0.1855085945933433], [0.003858157334297449, 0.014005037685847918, -0.9998944812035927, 0.522491405405496], [0.0, 0.0, 0.0, 1.0]], [[-0.9998884331292736, 0.014455787136453103, -0.003761849618442144, 0.3510194229722437], [0.014400003701089879, 0.9997918133850037, 0.014455787136453107, -0.18548057702372914], [0.003970036233438447, 0.014400003701089882, -0.9998884331292736, 0.5225194229751101], [0.0, 0.0, 0.0, 1.0]], [[-0.9998821067267996, 0.014860750264181684, -0.0038640327590073738, 0.35104792872600865], [0.014801803627581446, 0.9997800081572726, 0.014860750264181688, -0.1854520712699641], [0.00408402460173477, 0.01480180362758145, -0.9998821067267996, 0.5225479287288751], [0.0, 0.0, 0.0, 1.0]], [[-0.9998754923640869, 0.01527272961522414, -0.003967807930704909, 0.3510769255704821], [0.015210475797267609, 0.9997676655884211, 0.015272729615224143, -0.18542307442549066], [0.004200142342283842, 0.015210475797267612, -0.9998754923640869, 0.5225769255733486], [0.0, 0.0, 0.0, 1.0]], [[-0.9998685801902033, 0.01569176789855515, -0.004073176726437571, 0.3511064163788017], [0.015626057993656812, 0.9997547672963589, 0.015691767898555153, -0.1853935836171711], [0.004318409430078687, 0.015626057993656815, -0.9998685801902033, 0.5226064163816682], [0.0, 0.0, 0.0, 1.0]], [[-0.9998613601333712, 0.016117907385072947, -0.004180140400880963, 0.35113640399077406], [0.01604858745175858, 0.9997412944868935, 0.01611790738507295, -0.18536359600519872], [0.0044388459139874815, 0.016048587451758585, -0.9998613601333712, 0.5226364039936405], [0.0, 0.0, 0.0, 1.0]], [[-0.9998538218990055, 0.016551189908505074, -0.004288699868763369, 0.3511668912129635], [0.016478100858007834, 0.9997272279500673, 0.016551189908505078, -0.18533310878300926], [0.00456147191869606, 0.016478100858007837, -0.9998538218990055, 0.52266689121583], [0.0, 0.0, 0.0, 1.0]], [[-0.9998459549677846, 0.016991656866283584, -0.00439885570317179, 0.35119788081878084], [0.01691463435017588, 0.9997125480565593, 0.016991656866283587, -0.18530211917719194], [0.004686307646612551, 0.016914634350175883, -0.9998459549677846, 0.5226978808216473], [0.0, 0.0, 0.0, 1.0]], [[-0.9998377485937565, 0.017439349220389696, -0.004510608133884055, 0.35122937554857203], [0.017358223517267964, 0.99969723475415, 0.0174393492203897, -0.18527062444740075], [0.0048133733797341245, 0.017358223517267967, -0.9998377485937565, 0.5227293755514385], [0.0, 0.0, 0.0, 1.0]], [[-0.99982919180248, 0.01789430749816726, -0.004623957045727861, 0.35126137810970703], [0.01780890339940725, 0.999681267564253, 0.017894307498167263, -0.18523862188626575], [0.004942689481474849, 0.017808903399407255, -0.99982919180248, 0.5227613781125735], [0.0, 0.0, 0.0, 1.0]], [[-0.9998202733892013, 0.01835657179310476, -0.004738901976967435, 0.35129389117666854], [0.018266708487705417, 0.9996646255785135, 0.018356571793104765, -0.18520610881930422], [0.0050742763984538706, 0.01826670848770542, -0.9998202733892013, 0.522793891179535], [0.0, 0.0, 0.0, 1.0]], [[-0.9998109819170675, 0.018826181765585676, -0.004855442117717457, 0.3513269173911408], [0.01873167272411941, 0.9996472874554733, 0.01882618176558568, -0.18517308260483198], [0.0052081546622441965, 0.018731672724119415, -0.9998109819170675, 0.5228269173940072], [0.0, 0.0, 0.0, 1.0]], [[-0.9998013057153758, 0.01930317664360676, -0.00497357630838536, 0.3513604593620983], [0.019203829501294685, 0.9996292314173045, 0.019303176643606763, -0.1851395406338745], [0.00534434489108082, 0.01920382950129469, -0.9998013057153758, 0.5228604593649648], [0.0, 0.0, 0.0, 1.0]], [[-0.9997912328778613, 0.019787595223463947, -0.005093303038142242, 0.3513945196658944], [0.019683211662394628, 0.9996104352466143, 0.01978759522346395, -0.18510548033007831], [0.005482867791527918, 0.01968321166239463, -0.9997912328778613, 0.522894519668761], [0.0, 0.0, 0.0, 1.0]], [[-0.9997807512610215, 0.020279475870405583, -0.005214620443422933, 0.35142910084635065], [0.020169851500916353, 0.9995908762833184, 0.020279475870405586, -0.18507089914962208], [0.005623744160104446, 0.020169851500916356, -0.9997807512610215, 0.5229291008492171], [0.0, 0.0, 0.0, 1.0]], [[-0.9997698484824796, 0.020778856519252757, -0.0053375263064553025, 0.35146420541484485], [0.020663780760492547, 0.9995705314215874, 0.02077885651925276, -0.18503579458112793], [0.005766994884867951, 0.02066378076049255, -0.9997698484824796, 0.5229642054177114], [0.0, 0.0, 0.0, 1.0]], [[-0.9997585119193861, 0.021285774674986484, -0.005462018053819428, 0.3514998358504001], [0.021165030634679578, 0.9995493771068634, 0.021285774674986487, -0.1850001641455727], [0.005912640946955968, 0.02116503063467958, -0.9997585119193861, 0.5229998358532666], [0.0, 0.0, 0.0, 1.0]], [[-0.9997467287068609, 0.021800267413301294, -0.005588092755037254, 0.3515359945997738], [0.021673631766731736, 0.999527389332953, 0.021800267413301298, -0.18496400539619898], [0.006060703422084203, 0.02167363176673174, -0.9997467287068609, 0.5230359946026403], [0.0, 0.0, 0.0, 1.0]], [[-0.9997344857364727, 0.022322371381125205, -0.005715747121192653, 0.35157268407754605], [0.02218961424936159, 0.9995045436391911, 0.02232237138112521, -0.1849273159184267], [0.006211203482001581, 0.022189614249361594, -0.9997344857364727, 0.5230726840804125], [0.0, 0.0, 0.0, 1.0]], [[-0.9997217696547618, 0.022852122797105672, -0.0058449775035829205, 0.35160990666620867], [0.022713007624486588, 0.9994808151076818, 0.022852122797105676, -0.1848900933297641], [0.006364162395901068, 0.02271300762448659, -0.9997217696547618, 0.5231099066690752], [0.0, 0.0, 0.0, 1.0]], [[-0.9997085668618001, 0.023389557452061442, -0.005975779892401098, 0.3516476647162538], [0.0232438408829615, 0.9994561783606144, 0.023389557452061446, -0.18485233527971895], [0.006519601531786719, 0.023243840882961504, -0.9997085668618001, 0.5231476647191203], [0.0, 0.0, 0.0, 1.0]], [[-0.999694863509795, 0.02393471070939982, -0.006108149915451035, 0.3516859605462628], [0.023782142464297343, 0.9994306075576559, 0.02393471070939983, -0.18481403944970998], [0.006677542357795137, 0.02378214246429735, -0.999694863509795, 0.5231859605491292], [0.0, 0.0, 0.0, 1.0]], [[-0.9996806455017331, 0.024487617505499583, -0.006242082836893699, 0.35172479644299487], [0.02432794025636613, 0.9994040763934211, 0.02448761750549959, -0.18477520355297788], [0.006838006443472602, 0.024327940256366136, -0.9996806455017331, 0.5232247964458613], [0.0, 0.0, 0.0, 1.0]], [[-0.9996658984900662, 0.02504831235005885, -0.0063775735560267725, 0.3517641746614759], [0.02488126159509196, 0.9993765580950208, 0.025048312350058857, -0.18473582533449684], [0.007001015461005972, 0.024881261595091967, -0.9996658984900662, 0.5232641746643425], [0.0, 0.0, 0.0, 1.0]], [[-0.9996506078754402, 0.025616829326408068, -0.006514616606096992, 0.35180409742508734], [0.02544213326412821, 0.9993480254196894, 0.025616829326408075, -0.18469590257088547], [0.00716659118640767, 0.025442133264128218, -0.9996506078754402, 0.5233040974279538], [0.0, 0.0, 0.0, 1.0]], [[-0.9996347588054662, 0.026193202091787816, -0.006653206153145668, 0.3518445669256547], [0.026010581494520898, 0.9993184506524913, 0.026193202091787823, -0.18465543307031815], [0.00733475550065441, 0.026010581494520905, -0.9996347588054662, 0.5233445669285212], [0.0, 0.0, 0.0, 1.0]], [[-0.9996183361735342, 0.026777463877591307, -0.0067933359948881495, 0.3518855853235364], [0.026586631964358426, 0.9992878056041092, 0.026777463877591313, -0.1846144146724364], [0.0075055303907788735, 0.026586631964358433, -0.9996183361735342, 0.5233855853264029], [0.0, 0.0, 0.0, 1.0]], [[-0.999601324617672, 0.027369647489571367, -0.0069349995596269575, 0.3519271547477129], [0.027170309798407385, 0.9992560616087125, 0.027369647489571373, -0.1845728452482599], [0.007678937950914433, 0.027170309798407392, -0.999601324617672, 0.5234271547505794], [0.0, 0.0, 0.0, 1.0]], [[-0.9995837085194464, 0.02796978530801179, -0.007078189905199837, 0.3519692772958749], [0.027761639567735006, 0.999223189521908, 0.027969785308011797, -0.1845307227000979], [0.007855000383291861, 0.027761639567735013, -0.9995837085194464, 0.5234692772987414], [0.0, 0.0, 0.0, 1.0]], [[-0.9995654720029093, 0.028577909287863065, -0.0072228997179619005, 0.35201195503451244], [0.02836064528931774, 0.9991891597187732, 0.028577909287863072, -0.1844880449614603], [0.00803373999918866, 0.028360645289317747, -0.9995654720029093, 0.5235119550373789], [0.0, 0.0, 0.0, 1.0]], [[-0.9995465989335888, 0.02919405095884211, -0.007369121311803287, 0.35205518999900376], [0.028967350425636473, 0.9991539420919736, 0.029194050958842116, -0.18444480999696902], [0.008215179219829689, 0.02896735042563648, -0.9995465989335888, 0.5235551900018701], [0.0, 0.0, 0.0, 1.0]], [[-0.9995270729175243, 0.029818241425496148, -0.007516846627202007, 0.3520989841937035], [0.029581777884258295, 0.9991175060499626, 0.029818241425496154, -0.18440101580226928], [0.008399340577239352, 0.029581777884258302, -0.9995270729175243, 0.5235989841965699], [0.0, 0.0, 0.0, 1.0]], [[-0.9995068773003488, 0.03045051136723049, -0.007666067230312698, 0.35214333959203226], [0.03020395001740489, 0.9990798205152681, 0.030450511367230496, -0.18435666040394055], [0.00858624671504463, 0.030203950017404897, -0.9995068773003488, 0.5236433395948987], [0.0, 0.0, 0.0, 1.0]], [[-0.9994859951664147, 0.03109089103830028, -0.007816774312091075, 0.3521882581365648], [0.030833888621507637, 0.9990408539228618, 0.031090891038300286, -0.18431174185940807], [0.00877592038922923, 0.030833888621507644, -0.9994859951664147, 0.5236882581394312], [0.0, 0.0, 0.0, 1.0]], [[-0.9994644093379674, 0.03173941026776591, -0.007968958687455154, 0.3522337417391188], [0.03147161493674962, 0.9990005742186174, 0.031739410267765916, -0.184266258256854], [0.008968384468837687, 0.031471614936749624, -0.9994644093379674, 0.5237337417419853], [0.0, 0.0, 0.0, 1.0]], [[-0.9994421023743644, 0.03239609845941243, -0.008122610794482815, 0.35227979228084416], [0.03211714964659461, 0.9989589488578529, 0.03239609845941244, -0.1842202077151286], [0.009163661936629989, 0.032117149646594616, -0.9994421023743644, 0.5237797922837106], [0.0, 0.0, 0.0, 1.0]], [[-0.9994190565713412, 0.03306098459163242, -0.008277720693646752, 0.35232641161231115], [0.032770512877303065, 0.9989159448039612, 0.033060984591632425, -0.18417358838366157], [0.009361775889685566, 0.03277051287730307, -0.9994190565713412, 0.5238264116151776], [0.0, 0.0, 0.0, 1.0]], [[-0.999395253960325, 0.03373409721727287, -0.008434278067086083, 0.35237360155359954], [0.033431724197435404, 0.9988715285271286, 0.0337340972172